00:00:00,76,3228,1
00:00:10,87,3250,1
00:00:20,93,3326,0
00:00:30,86,3345,0
00:00:40,80,3345,0
00:00:50,76,3336,1
00:01:00,74,3331,1
00:01:10,80,3329,1
00:01:20,83,3311,1
00:01:30,79,3297,0
00:01:40,58,3286,1
00:01:50,76,3276,1
00:02:00,80,3282,1
00:02:10,89,3298,1
00:02:20,93,3336,0
00:02:30,96,3356,1
00:02:40,89,3366,0
00:02:50,83,3375,0
00:03:00,86,3381,0
00:03:10,86,3386,0
00:03:20,84,3383,1
00:03:30,84,3378,0
00:03:40,83,3377,1
00:03:50,82,3379,1
00:04:00,81,3381,1
00:04:10,78,3380,1
00:04:20,76,3383,1
00:04:30,76,3385,0
00:04:40,76,3375,1
00:04:50,78,3381,0
00:05:00,84,3367,0
00:05:10,87,3380,1
00:05:20,79,3385,1
00:05:30,73,3380,1
00:05:40,75,3375,1
00:05:50,81,3377,0
00:06:00,77,3379,0
00:06:10,76,3381,0
00:06:20,75,3382,0
00:06:30,76,3386,0
00:06:40,78,3384,0
00:06:50,77,3382,1
00:07:00,80,3376,0
00:07:10,85,3373,1
00:07:20,86,3374,1
00:07:30,82,3374,0
00:07:40,80,3370,0
00:07:50,79,3365,1
00:08:00,83,3364,1
00:08:10,86,3354,1
00:08:20,95,3364,1
00:08:30,89,3356,1
00:08:40,95,3361,1
00:08:50,87,3362,1
00:09:00,84,3363,0
00:09:10,98,3350,1
00:09:20,97,3360,1
00:09:30,89,3363,1
00:09:40,83,3361,1
00:09:50,86,3360,1
00:10:00,84,3359,1
00:10:10,79,3357,0
00:10:20,76,3351,1
00:10:30,77,3340,1
00:10:40,79,3338,1
00:10:50,78,3331,0
00:11:00,76,3329,0
00:11:10,76,3329,0
00:11:20,75,3333,0
00:11:30,75,3331,0
00:11:40,74,3332,0
00:11:50,74,3332,0
00:12:00,73,3327,0
00:12:10,74,3333,0
00:12:20,73,3335,0
00:12:30,75,3339,0
00:12:40,75,3342,0
00:12:50,75,3334,1
00:13:00,76,3342,0
00:13:10,78,3348,0
00:13:20,78,3349,1
00:13:30,78,3357,1
00:13:40,79,3362,1
00:13:50,86,3367,1
00:14:00,97,3366,1
00:14:10,105,3370,1
00:14:20,107,3365,1
00:14:30,107,3374,1
00:14:40,109,3380,1
00:14:50,106,3384,1
00:15:00,96,3378,1
00:15:10,113,3374,0
00:15:20,93,3377,0
00:15:30,77,3378,0
00:15:40,75,3382,0
00:15:50,72,3385,0
00:16:00,70,3385,0
00:16:10,69,3372,0
00:16:20,71,3366,0
00:16:30,71,3362,0
00:16:40,73,3355,0
00:16:50,73,3354,0
00:17:00,72,3349,0
00:17:10,77,3345,0
00:17:20,80,3351,1
00:17:30,81,3352,1
00:17:40,80,3347,1
00:17:50,84,3349,0
00:18:00,75,3348,0
00:18:10,75,3349,0
00:18:20,72,3348,0
00:18:30,72,3349,0
00:18:40,73,3351,0
00:18:50,71,3352,0
00:19:00,70,3355,0
00:19:10,72,3359,0
00:19:20,74,3352,1
00:19:30,83,3347,0
00:19:40,83,3346,0
00:19:50,78,3355,0
00:20:00,80,3353,0
00:20:10,81,3354,0
00:20:20,80,3356,1
00:20:30,79,3306,0
00:20:40,81,3252,0
00:20:50,80,3219,0
00:21:00,78,3194,0
00:21:10,78,3169,0
00:21:20,77,3242,1
00:21:30,75,3267,0
00:21:40,78,3285,0
00:21:50,78,3289,0
00:22:00,78,3293,0
00:22:10,78,3294,0
00:22:20,80,3295,0
00:22:30,74,3298,1
00:22:40,75,3302,0
00:22:50,78,3307,0
00:23:00,74,3311,0
00:23:10,77,3315,0
00:23:20,79,3322,0
00:23:30,80,3322,0
00:23:40,80,3320,0
00:23:50,81,3325,0
00:24:00,80,3325,0
00:24:10,79,3327,0
00:24:20,79,3330,0
00:24:30,81,3333,0
00:24:40,81,3336,0
00:24:50,81,3335,0
00:25:00,79,3330,0
00:25:10,79,3329,0
00:25:20,78,3331,0
00:25:30,78,3328,0
00:25:40,79,3327,0
00:25:50,78,3325,0
00:26:00,77,3317,0
00:26:10,79,3317,0
00:26:20,80,3318,0
00:26:30,80,3315,0
00:26:40,80,3315,1
00:26:50,82,3313,0
00:27:00,81,3313,0
00:27:10,80,3312,0
00:27:20,82,3316,0
00:27:30,81,3316,0
00:27:40,80,3318,0
00:27:50,79,3317,0
00:28:00,81,3321,1
00:28:10,82,3320,0
00:28:20,81,3325,0
00:28:30,79,3326,0
00:28:40,78,3327,0
00:28:50,79,1212,0
00:29:00,80,3336,0
00:29:10,82,3337,0
00:29:20,84,3339,0
00:29:30,88,3343,0
00:29:40,87,3346,0
00:29:50,82,3350,0
00:30:00,82,3347,0
00:30:10,79,3350,0
00:30:20,81,3354,0
00:30:30,81,3358,0
00:30:40,82,3360,0
00:30:50,83,3362,0
00:31:00,82,3365,0
00:31:10,82,3361,0
00:31:20,84,3358,0
00:31:30,82,3358,0
00:31:40,82,3358,0
00:31:50,81,3359,0
00:32:00,79,3363,0
00:32:10,79,3362,0
00:32:20,80,3366,0
00:32:30,80,3368,0
00:32:40,79,3373,0
00:32:50,78,3375,0
00:33:00,77,3377,0
00:33:10,78,3376,0
00:33:20,79,3378,0
00:33:30,81,3382,0
00:33:40,82,3386,0
00:33:50,80,3389,0
00:34:00,79,3389,0
00:34:10,81,3390,0
00:34:20,81,3394,0
00:34:30,82,3395,0
00:34:40,83,3397,0
00:34:50,83,3408,1
00:35:00,84,3417,0
00:35:10,84,3422,0
00:35:20,84,3426,0
00:35:30,83,3429,0
00:35:40,83,3432,0
00:35:50,82,3432,0
00:36:00,81,3432,0
00:36:10,81,3436,0
00:36:20,80,3435,0
00:36:30,80,3436,0
00:36:40,82,3436,0
00:36:50,84,3437,0
00:37:00,84,3437,0
00:37:10,84,3432,1
00:37:20,81,3431,0
00:37:30,90,3424,0
00:37:40,82,3428,0
00:37:50,81,3428,0
00:38:00,80,3427,0
00:38:10,80,3429,0
00:38:20,79,3426,0
00:38:30,79,3425,0
00:38:40,80,3427,0
00:38:50,80,3426,0
00:39:00,82,3425,0
00:39:10,80,3429,0
00:39:20,80,3429,0
00:39:30,81,3427,0
00:39:40,81,3429,0
00:39:50,81,3430,0
00:40:00,81,3431,0
00:40:10,81,3429,0
00:40:20,82,3432,0
00:40:30,81,3432,0
00:40:40,81,3435,1
00:40:50,83,3431,0
00:41:00,81,3437,0
00:41:10,81,3436,0
00:41:20,79,3433,0
00:41:30,78,3435,0
00:41:40,79,3432,0
00:41:50,83,3437,0
00:42:00,85,3437,0
00:42:10,86,3438,0
00:42:20,86,3442,0
00:42:30,85,3443,0
00:42:40,84,3446,0
00:42:50,82,3446,0
00:43:00,81,3447,0
00:43:10,80,3447,0
00:43:20,80,3448,0
00:43:30,80,3449,0
00:43:40,80,3450,0
00:43:50,80,3452,0
00:44:00,80,3456,0
00:44:10,82,3457,0
00:44:20,82,3459,0
00:44:30,82,3456,0
00:44:40,82,3466,0
00:44:50,83,3461,0
00:45:00,83,3465,0
00:45:10,84,3464,0
00:45:20,82,3466,0
00:45:30,81,3469,0
00:45:40,79,3171,0
00:45:50,79,3473,0
00:46:00,80,3476,0
00:46:10,84,3477,0
00:46:20,84,3480,0
00:46:30,83,3481,0
00:46:40,80,3481,0
00:46:50,81,3485,0
00:47:00,84,3485,0
00:47:10,81,3487,0
00:47:20,81,3486,0
00:47:30,80,3487,0
00:47:40,81,3489,0
00:47:50,82,3492,0
00:48:00,82,3494,0
00:48:10,81,3495,0
00:48:20,80,3496,0
00:48:30,82,3496,0
00:48:40,83,3501,0
00:48:50,84,3498,0
00:49:00,85,3499,0
00:49:10,84,3502,0
00:49:20,82,3506,0
00:49:30,81,3507,0
00:49:40,81,3504,0
00:49:50,83,3508,0
00:50:00,83,3511,0
00:50:10,81,3509,0
00:50:20,81,3511,0
00:50:30,83,3510,0
00:50:40,82,3511,0
00:50:50,80,3510,0
00:51:00,81,3511,0
00:51:10,85,3516,0
00:51:20,78,3512,0
00:51:30,81,3515,0
00:51:40,83,3518,0
00:51:50,85,3518,0
00:52:00,84,3517,0
00:52:10,83,3522,0
00:52:20,83,3518,0
00:52:30,85,3521,0
00:52:40,87,3522,0
00:52:50,84,3525,0
00:53:00,83,3521,0
00:53:10,83,3524,0
00:53:20,82,3527,0
00:53:30,80,3526,0
00:53:40,81,3528,0
00:53:50,83,3529,0
00:54:00,83,3531,0
00:54:10,84,3532,0
00:54:20,84,3531,0
00:54:30,82,3533,0
00:54:40,82,3536,0
00:54:50,83,3533,0
00:55:00,81,3536,0
00:55:10,81,3538,0
00:55:20,83,3540,0
00:55:30,84,3536,0
00:55:40,82,3539,0
00:55:50,83,3538,0
00:56:00,82,3541,0
00:56:10,83,3540,0
00:56:20,82,3542,0
00:56:30,82,3540,0
00:56:40,82,3540,0
00:56:50,82,3539,0
00:57:00,81,3545,0
00:57:10,82,3545,0
00:57:20,84,3545,0
00:57:30,83,3543,0
00:57:40,83,3547,0
00:57:50,81,3546,0
00:58:00,82,3549,0
00:58:10,82,3549,0
00:58:20,83,3546,0
00:58:30,82,3547,0
00:58:40,82,3547,0
00:58:50,83,3547,0
00:59:00,81,3546,0
00:59:10,81,3547,0
00:59:20,82,3548,0
00:59:30,82,3547,0
00:59:40,82,3547,0
00:59:50,81,3548,0
01:00:00,82,3548,0
01:00:10,83,3546,0
01:00:20,83,3551,0
01:00:30,83,3549,0
01:00:40,81,3553,0
01:00:50,81,3551,0
01:01:00,82,3551,0
01:01:10,82,3552,0
01:01:20,82,3551,0
01:01:30,81,3554,0
01:01:40,80,3552,0
01:01:50,80,3553,0
01:02:00,82,3558,0
01:02:10,81,3552,0
01:02:20,81,3557,0
01:02:30,80,3554,0
01:02:40,81,3557,0
01:02:50,80,3555,0
01:03:00,80,3555,0
01:03:10,82,3556,0
01:03:20,82,3558,0
01:03:30,81,3555,0
01:03:40,80,3559,0
01:03:50,81,3559,0
01:04:00,81,3558,0
01:04:10,81,3557,0
01:04:20,81,3559,0
01:04:30,81,3561,0
01:04:40,81,3559,0
01:04:50,80,3559,0
01:05:00,80,3559,0
01:05:10,80,3560,0
01:05:20,80,3561,0
01:05:30,81,3562,0
01:05:40,81,3564,0
01:05:50,81,3564,0
01:06:00,80,3566,0
01:06:10,79,3566,0
01:06:20,78,3564,0
01:06:30,78,3568,0
01:06:40,79,3565,0
01:06:50,80,3565,0
01:07:00,81,3565,0
01:07:10,83,3566,0
01:07:20,82,3567,0
01:07:30,81,3566,0
01:07:40,81,3568,0
01:07:50,82,3567,0
01:08:00,81,3568,0
01:08:10,79,3569,0
01:08:20,79,3566,0
01:08:30,80,3569,0
01:08:40,80,3570,0
01:08:50,79,3569,0
01:09:00,80,3572,0
01:09:10,85,3571,0
01:09:20,87,3572,0
01:09:30,81,3570,0
01:09:40,82,3570,0
01:09:50,81,3574,0
01:10:00,81,3573,0
01:10:10,81,3578,0
01:10:20,81,3578,0
01:10:30,81,3576,0
01:10:40,80,3576,0
01:10:50,78,3199,0
01:11:00,78,3579,0
01:11:10,79,3577,0
01:11:20,79,3581,0
01:11:30,79,3578,0
01:11:40,80,3576,0
01:11:50,79,3576,0
01:12:00,80,3582,0
01:12:10,79,3579,0
01:12:20,81,3577,0
01:12:30,79,3578,0
01:12:40,78,3581,0
01:12:50,80,3577,0
01:13:00,80,3582,0
01:13:10,81,3582,0
01:13:20,80,3581,0
01:13:30,79,3579,0
01:13:40,80,3580,0
01:13:50,82,3580,0
01:14:00,80,3583,0
01:14:10,80,3581,0
01:14:20,81,3585,0
01:14:30,80,3582,0
01:14:40,79,3587,0
01:14:50,80,3586,0
01:15:00,80,3585,0
01:15:10,79,3581,0
01:15:20,80,3582,0
01:15:30,80,3581,0
01:15:40,79,3587,0
01:15:50,77,3580,0
01:16:00,77,3582,0
01:16:10,80,3586,0
01:16:20,79,3584,0
01:16:30,78,3584,0
01:16:40,79,3585,0
01:16:50,80,3586,0
01:17:00,79,3587,0
01:17:10,79,3586,0
01:17:20,80,3586,0
01:17:30,78,3586,0
01:17:40,78,3588,0
01:17:50,80,3588,0
01:18:00,80,3585,0
01:18:10,80,3587,0
01:18:20,78,3586,0
01:18:30,77,3589,0
01:18:40,80,3590,0
01:18:50,81,3590,0
01:19:00,80,3592,0
01:19:10,80,3592,0
01:19:20,79,3589,0
01:19:30,77,3590,0
01:19:40,78,3596,0
01:19:50,80,3593,0
01:20:00,80,3593,0
01:20:10,80,3593,0
01:20:20,78,3597,0
01:20:30,79,3598,0
01:20:40,78,3595,0
01:20:50,79,3596,0
01:21:00,80,3597,0
01:21:10,79,3597,0
01:21:20,80,3598,0
01:21:30,81,3603,0
01:21:40,79,3601,0
01:21:50,78,3602,0
01:22:00,79,3602,0
01:22:10,80,3604,1
01:22:20,86,3609,0
01:22:30,97,3609,0
01:22:40,81,3609,0
01:22:50,75,3611,0
01:23:00,71,3609,0
01:23:10,71,3610,0
01:23:20,73,3605,0
01:23:30,73,3607,0
01:23:40,75,3605,0
01:23:50,74,3608,0
01:24:00,76,3608,0
01:24:10,73,3605,0
01:24:20,72,3605,0
01:24:30,75,3602,0
01:24:40,74,3606,0
01:24:50,75,3607,0
01:25:00,75,3604,0
01:25:10,78,3605,0
01:25:20,78,3606,0
01:25:30,78,3602,0
01:25:40,79,3604,0
01:25:50,79,3601,0
01:26:00,79,3599,0
01:26:10,79,3600,0
01:26:20,80,3604,0
01:26:30,76,3602,0
01:26:40,75,3601,0
01:26:50,77,3603,0
01:27:00,78,3603,0
01:27:10,76,3598,0
01:27:20,77,3598,0
01:27:30,78,3600,0
01:27:40,79,3595,0
01:27:50,72,3593,0
01:28:00,71,3588,0
01:28:10,74,3584,0
01:28:20,77,3585,0
01:28:30,78,3583,0
01:28:40,78,3580,0
01:28:50,77,3578,0
01:29:00,79,3577,0
01:29:10,80,3579,0
01:29:20,78,3577,0
01:29:30,79,3575,0
01:29:40,80,3578,0
01:29:50,80,3577,0
01:30:00,79,3575,0
01:30:10,78,3574,0
01:30:20,77,3573,0
01:30:30,73,3572,0
01:30:40,74,3575,0
01:30:50,78,3575,0
01:31:00,76,3573,0
01:31:10,77,3573,0
01:31:20,79,3571,0
01:31:30,79,3570,0
01:31:40,79,3572,0
01:31:50,78,3571,0
01:32:00,79,3569,0
01:32:10,80,3568,0
01:32:20,80,3569,0
01:32:30,80,3569,0
01:32:40,78,3567,0
01:32:50,79,3565,0
01:33:00,79,3568,0
01:33:10,79,3567,0
01:33:20,79,3565,0
01:33:30,80,3568,0
01:33:40,81,3565,0
01:33:50,83,3565,0
01:34:00,80,3567,0
01:34:10,82,3564,0
01:34:20,79,3559,0
01:34:30,77,3563,0
01:34:40,79,3559,0
01:34:50,78,3556,0
01:35:00,78,3555,0
01:35:10,79,3556,0
01:35:20,78,3555,0
01:35:30,77,3554,0
01:35:40,78,3552,0
01:35:50,75,3553,0
01:36:00,76,3555,0
01:36:10,78,3551,0
01:36:20,77,3554,0
01:36:30,78,3554,0
01:36:40,78,3553,0
01:36:50,77,3549,0
01:37:00,77,3551,0
01:37:10,76,3552,0
01:37:20,79,3550,0
01:37:30,80,3553,0
01:37:40,78,3553,0
01:37:50,79,3554,0
01:38:00,78,3551,0
01:38:10,77,3552,0
01:38:20,78,3551,0
01:38:30,81,3553,0
01:38:40,80,3555,0
01:38:50,76,3550,0
01:39:00,76,3549,0
01:39:10,78,3555,0
01:39:20,76,3546,0
01:39:30,77,3559,0
01:39:40,69,3562,0
01:39:50,67,3568,0
01:40:00,73,3568,0
01:40:10,74,3572,0
01:40:20,75,3569,0
01:40:30,77,3573,0
01:40:40,76,3572,0
01:40:50,76,3572,0
01:41:00,74,3577,0
01:41:10,77,3574,0
01:41:20,79,3573,0
01:41:30,77,3575,0
01:41:40,78,3575,0
01:41:50,79,3579,0
01:42:00,79,3577,0
01:42:10,81,3577,0
01:42:20,82,3578,0
01:42:30,80,3577,0
01:42:40,72,3575,0
01:42:50,72,3574,0
01:43:00,76,3575,0
01:43:10,76,3573,0
01:43:20,76,3577,0
01:43:30,76,3577,0
01:43:40,78,3575,0
01:43:50,81,3573,0
01:44:00,86,3574,0
01:44:10,92,3576,0
01:44:20,85,3573,0
01:44:30,78,3578,0
01:44:40,68,3572,0
01:44:50,70,3575,0
01:45:00,75,3574,0
01:45:10,76,3572,0
01:45:20,74,3574,0
01:45:30,73,3574,0
01:45:40,72,3573,0
01:45:50,74,3574,0
01:46:00,76,3573,0
01:46:10,75,3574,0
01:46:20,77,3573,0
01:46:30,77,3573,0
01:46:40,77,3573,0
01:46:50,78,3575,0
01:47:00,78,3577,0
01:47:10,76,3578,0
01:47:20,75,3575,0
01:47:30,75,3574,0
01:47:40,75,3577,0
01:47:50,74,3575,0
01:48:00,78,3576,0
01:48:10,76,3579,0
01:48:20,75,3576,0
01:48:30,75,3576,0
01:48:40,76,3575,0
01:48:50,76,3574,0
01:49:00,76,3576,0
01:49:10,76,3572,0
01:49:20,78,3571,1
01:49:30,83,3570,0
01:49:40,83,3573,0
01:49:50,79,3569,0
01:50:00,78,3571,0
01:50:10,77,3567,0
01:50:20,76,3571,0
01:50:30,76,3565,0
01:50:40,76,3562,0
01:50:50,77,3565,0
01:51:00,76,3566,0
01:51:10,75,3565,0
01:51:20,74,3560,0
01:51:30,75,3562,0
01:51:40,75,3560,0
01:51:50,75,3559,0
01:52:00,79,3556,0
01:52:10,69,3553,0
01:52:20,69,3554,0
01:52:30,72,3551,0
01:52:40,72,3550,0
01:52:50,71,3552,0
01:53:00,71,3548,0
01:53:10,71,3551,0
01:53:20,71,3549,0
01:53:30,72,3548,0
01:53:40,72,3544,0
01:53:50,72,3548,0
01:54:00,72,3544,0
01:54:10,72,3546,0
01:54:20,71,3544,0
01:54:30,72,3544,0
01:54:40,71,3545,0
01:54:50,71,3545,0
01:55:00,72,3548,0
01:55:10,71,3544,0
01:55:20,72,3541,0
01:55:30,72,3544,0
01:55:40,71,3544,0
01:55:50,72,3542,0
01:56:00,72,3546,0
01:56:10,72,3544,0
01:56:20,72,3543,0
01:56:30,72,3544,0
01:56:40,71,3547,0
01:56:50,69,3544,0
01:57:00,71,3545,0
01:57:10,72,3543,0
01:57:20,72,3542,0
01:57:30,72,3543,0
01:57:40,72,3544,0
01:57:50,76,3548,0
01:58:00,76,3546,0
01:58:10,73,3543,0
01:58:20,75,3543,0
01:58:30,76,3544,0
01:58:40,76,3545,0
01:58:50,76,3541,0
01:59:00,77,3543,0
01:59:10,78,3541,0
01:59:20,76,3541,0
01:59:30,76,3543,0
01:59:40,76,3539,0
01:59:50,76,3540,0
02:00:00,75,3541,0
02:00:10,75,3540,0
02:00:20,77,3542,0
02:00:30,77,3539,0
02:00:40,76,3541,0
02:00:50,74,3540,0
02:01:00,76,3539,0
02:01:10,73,3536,0
02:01:20,74,3539,0
02:01:30,71,3538,0
02:01:40,72,3538,0
02:01:50,73,3539,0
02:02:00,73,3536,0
02:02:10,73,3538,0
02:02:20,73,3538,0
02:02:30,75,3537,0
02:02:40,74,3539,0
02:02:50,73,3538,0
02:03:00,73,3534,0
02:03:10,74,3539,0
02:03:20,73,3536,0
02:03:30,72,3536,0
02:03:40,72,3534,0
02:03:50,74,3537,0
02:04:00,75,3538,0
02:04:10,74,3536,0
02:04:20,74,3538,0
02:04:30,74,3535,0
02:04:40,73,3535,0
02:04:50,72,3535,0
02:05:00,73,3535,0
02:05:10,74,3536,0
02:05:20,74,3536,0
02:05:30,73,3535,0
02:05:40,73,3538,0
02:05:50,73,3538,0
02:06:00,73,3535,0
02:06:10,72,3535,0
02:06:20,71,3535,0
02:06:30,73,3534,0
02:06:40,74,3533,0
02:06:50,73,3533,0
02:07:00,72,3536,0
02:07:10,74,3532,0
02:07:20,75,3532,0
02:07:30,71,3530,0
02:07:40,68,3528,0
02:07:50,72,3527,0
02:08:00,76,3527,0
02:08:10,76,3528,0
02:08:20,74,3529,0
02:08:30,72,3525,0
02:08:40,73,3529,0
02:08:50,74,3526,0
02:09:00,74,3524,0
02:09:10,72,3528,0
02:09:20,72,3525,0
02:09:30,73,3526,0
02:09:40,73,3522,0
02:09:50,71,3523,0
02:10:00,72,3524,0
02:10:10,73,3521,0
02:10:20,73,3522,0
02:10:30,74,3524,0
02:10:40,74,3521,0
02:10:50,71,3524,0
02:11:00,72,3523,0
02:11:10,73,3525,0
02:11:20,73,3523,0
02:11:30,73,3522,0
02:11:40,72,3524,0
02:11:50,73,3520,0
02:12:00,73,3519,0
02:12:10,74,3519,0
02:12:20,73,3522,0
02:12:30,72,3525,0
02:12:40,73,3518,0
02:12:50,73,3521,0
02:13:00,73,3520,0
02:13:10,72,3519,0
02:13:20,71,3522,0
02:13:30,71,3521,0
02:13:40,72,3523,0
02:13:50,70,3522,0
02:14:00,72,3521,0
02:14:10,73,3521,0
02:14:20,71,3522,0
02:14:30,72,3520,0
02:14:40,73,3521,0
02:14:50,72,3521,0
02:15:00,72,3521,0
02:15:10,72,3519,0
02:15:20,72,3521,0
02:15:30,71,3520,0
02:15:40,72,3521,0
02:15:50,72,3519,0
02:16:00,72,3519,0
02:16:10,73,3518,0
02:16:20,73,3521,0
02:16:30,72,3520,0
02:16:40,71,3523,0
02:16:50,71,3522,0
02:17:00,72,3520,0
02:17:10,72,3524,0
02:17:20,71,3520,0
02:17:30,71,3517,0
02:17:40,72,3519,0
02:17:50,70,3518,0
02:18:00,70,3515,0
02:18:10,71,3520,0
02:18:20,69,3517,0
02:18:30,70,3517,0
02:18:40,71,3518,0
02:18:50,70,3518,0
02:19:00,70,3519,0
02:19:10,71,3518,0
02:19:20,72,3518,0
02:19:30,75,3519,0
02:19:40,73,3516,0
02:19:50,73,3519,0
02:20:00,73,3518,0
02:20:10,72,3516,0
02:20:20,67,3519,0
02:20:30,68,3518,0
02:20:40,71,3520,0
02:20:50,71,3518,0
02:21:00,69,3518,0
02:21:10,70,3517,0
02:21:20,71,3516,0
02:21:30,70,3518,0
02:21:40,70,3518,0
02:21:50,70,3517,0
02:22:00,69,3515,0
02:22:10,70,3517,0
02:22:20,70,3516,0
02:22:30,70,3515,0
02:22:40,70,3516,0
02:22:50,70,3516,0
02:23:00,70,3517,0
02:23:10,70,3517,0
02:23:20,70,3517,0
02:23:30,71,3516,0
02:23:40,73,3516,0
02:23:50,80,3517,0
02:24:00,84,3517,0
02:24:10,83,3518,0
02:24:20,74,3516,0
02:24:30,71,3516,0
02:24:40,71,3517,0
02:24:50,70,3517,0
02:25:00,70,3518,0
02:25:10,70,3509,0
02:25:20,70,3513,0
02:25:30,70,3510,0
02:25:40,70,3514,0
02:25:50,71,3517,0
02:26:00,69,3512,0
02:26:10,70,3511,0
02:26:20,70,3514,0
02:26:30,70,3512,1
02:26:40,72,3513,1
02:26:50,101,3515,0
02:27:00,114,3516,0
02:27:10,91,3516,0
02:27:20,85,3516,0
02:27:30,66,3516,0
02:27:40,63,3515,0
02:27:50,66,3516,0
02:28:00,71,3516,0
02:28:10,68,3515,0
02:28:20,65,3517,0
02:28:30,69,3512,0
02:28:40,70,3518,0
02:28:50,66,3517,0
02:29:00,66,3516,0
02:29:10,66,3514,0
02:29:20,67,3512,0
02:29:30,68,3512,0
02:29:40,68,3514,0
02:29:50,67,3512,0
02:30:00,67,3516,0
02:30:10,68,3513,0
02:30:20,71,3514,0
02:30:30,74,3517,0
02:30:40,66,3516,0
02:30:50,65,3515,0
02:31:00,66,3510,0
02:31:10,69,3513,0
02:31:20,69,3511,0
02:31:30,67,3510,0
02:31:40,67,3509,0
02:31:50,70,3511,0
02:32:00,69,3512,0
02:32:10,69,3510,0
02:32:20,68,3514,0
02:32:30,69,3510,0
02:32:40,70,3509,0
02:32:50,71,3509,0
02:33:00,68,3511,0
02:33:10,68,3511,0
02:33:20,69,3512,0
02:33:30,69,3508,0
02:33:40,69,3512,0
02:33:50,70,3509,0
02:34:00,70,3511,0
02:34:10,71,3508,0
02:34:20,69,3509,0
02:34:30,68,3511,0
02:34:40,70,3512,0
02:34:50,71,3510,0
02:35:00,69,3506,0
02:35:10,68,3511,0
02:35:20,71,3513,0
02:35:30,70,3509,0
02:35:40,68,3509,0
02:35:50,68,3508,0
02:36:00,70,3510,0
02:36:10,69,3507,0
02:36:20,70,3507,0
02:36:30,71,3507,0
02:36:40,70,3508,0
02:36:50,69,3508,0
02:37:00,70,3510,0
02:37:10,66,3510,0
02:37:20,66,3509,0
02:37:30,68,3510,0
02:37:40,68,3511,0
02:37:50,69,3510,0
02:38:00,68,3511,0
02:38:10,68,3508,0
02:38:20,70,3512,0
02:38:30,70,3512,0
02:38:40,68,3509,0
02:38:50,68,3508,0
02:39:00,68,3509,0
02:39:10,71,3509,0
02:39:20,71,3509,0
02:39:30,68,3509,0
02:39:40,67,3512,0
02:39:50,68,3510,0
02:40:00,64,3508,0
02:40:10,66,3510,0
02:40:20,68,3509,0
02:40:30,69,3511,0
02:40:40,70,3509,0
02:40:50,70,3512,0
02:41:00,70,3511,0
02:41:10,72,3506,1
02:41:20,90,3505,0
02:41:30,90,3510,0
02:41:40,72,3516,0
02:41:50,68,3523,0
02:42:00,68,3525,0
02:42:10,68,3526,0
02:42:20,67,3528,0
02:42:30,68,3529,0
02:42:40,69,3531,0
02:42:50,69,3531,0
02:43:00,69,3525,0
02:43:10,69,3522,0
02:43:20,70,3516,0
02:43:30,68,3513,0
02:43:40,66,3514,0
02:43:50,66,3511,0
02:44:00,69,3508,0
02:44:10,66,3505,0
02:44:20,66,3501,0
02:44:30,68,3497,0
02:44:40,68,3491,0
02:44:50,64,3490,0
02:45:00,67,3486,0
02:45:10,69,3482,0
02:45:20,65,3476,0
02:45:30,65,3472,0
02:45:40,65,3467,0
02:45:50,68,3462,0
02:46:00,69,3461,0
02:46:10,69,3455,0
02:46:20,68,3449,0
02:46:30,69,3445,0
02:46:40,69,3443,0
02:46:50,68,3439,0
02:47:00,68,3438,0
02:47:10,68,3431,0
02:47:20,68,3432,0
02:47:30,69,3431,0
02:47:40,72,3427,0
02:47:50,74,3425,0
02:48:00,77,3406,0
02:48:10,73,3362,0
02:48:20,91,3326,0
02:48:30,83,3296,0
02:48:40,67,3259,0
02:48:50,64,3240,0
02:49:00,63,3229,0
02:49:10,66,3214,0
02:49:20,67,3203,0
02:49:30,68,3196,0
02:49:40,69,3195,0
02:49:50,69,3188,0
02:50:00,70,3184,0
02:50:10,67,3183,0
02:50:20,68,3183,0
02:50:30,69,3178,0
02:50:40,70,3173,0
02:50:50,69,3172,0
02:51:00,70,3169,0
02:51:10,72,3167,0
02:51:20,73,3163,0
02:51:30,72,3169,0
02:51:40,72,3159,0
02:51:50,71,3153,0
02:52:00,73,3152,0
02:52:10,71,3155,0
02:52:20,71,3152,0
02:52:30,72,3157,0
02:52:40,72,3150,0
02:52:50,73,3150,0
02:53:00,74,3153,0
02:53:10,74,3153,0
02:53:20,72,3152,0
02:53:30,71,3150,0
02:53:40,72,3149,0
02:53:50,71,3153,0
02:54:00,71,3143,0
02:54:10,71,3143,0
02:54:20,74,3146,0
02:54:30,78,3143,0
02:54:40,75,3143,0
02:54:50,72,3147,0
02:55:00,69,3147,0
02:55:10,68,3144,0
02:55:20,69,3142,0
02:55:30,70,3144,0
02:55:40,71,3143,0
02:55:50,71,3144,0
02:56:00,71,3148,0
02:56:10,70,3145,0
02:56:20,70,3146,0
02:56:30,70,3146,0
02:56:40,69,3146,0
02:56:50,67,3150,0
02:57:00,65,3154,0
02:57:10,67,3152,0
02:57:20,67,3147,0
02:57:30,66,3150,0
02:57:40,67,3155,0
02:57:50,65,3152,0
02:58:00,68,3153,0
02:58:10,68,3159,0
02:58:20,68,3157,0
02:58:30,67,3158,0
02:58:40,68,3161,0
02:58:50,67,3154,0
02:59:00,68,3155,0
02:59:10,70,3157,0
02:59:20,71,3155,0
02:59:30,73,3152,0
02:59:40,73,3154,0
02:59:50,71,3162,0
03:00:00,69,3162,0
03:00:10,69,3163,0
03:00:20,70,3172,0
03:00:30,70,3170,0
03:00:40,72,3175,0
03:00:50,66,3179,0
03:01:00,68,3188,0
03:01:10,70,3193,0
03:01:20,71,3204,0
03:01:30,72,3207,0
03:01:40,72,3213,0
03:01:50,72,3216,0
03:02:00,73,3223,0
03:02:10,73,3228,0
03:02:20,71,3229,0
03:02:30,69,3236,0
03:02:40,67,3234,0
03:02:50,68,3235,0
03:03:00,71,3242,0
03:03:10,72,3242,0
03:03:20,71,3240,0
03:03:30,70,3249,0
03:03:40,70,3246,0
03:03:50,70,3245,0
03:04:00,71,3248,0
03:04:10,72,3247,0
03:04:20,78,3249,0
03:04:30,85,3248,0
03:04:40,85,3244,0
03:04:50,75,3246,0
03:05:00,71,3241,0
03:05:10,71,3233,0
03:05:20,76,3250,0
03:05:30,83,3299,1
03:05:40,86,3310,1
03:05:50,92,3310,0
03:06:00,76,3311,0
03:06:10,69,3311,0
03:06:20,67,3312,0
03:06:30,67,3315,0
03:06:40,66,3317,0
03:06:50,65,3322,0
03:07:00,67,3321,0
03:07:10,68,3326,0
03:07:20,70,3328,0
03:07:30,70,3331,0
03:07:40,71,3333,0
03:07:50,70,3334,0
03:08:00,70,3336,0
03:08:10,71,3342,0
03:08:20,69,3345,0
03:08:30,68,3345,0
03:08:40,68,3342,0
03:08:50,69,3346,0
03:09:00,69,3348,0
03:09:10,69,3351,0
03:09:20,66,3355,0
03:09:30,66,3354,0
03:09:40,69,3357,0
03:09:50,71,3357,0
03:10:00,68,3362,0
03:10:10,70,3360,0
03:10:20,72,3365,0
03:10:30,74,3364,0
03:10:40,74,3365,0
03:10:50,75,3371,0
03:11:00,74,3371,0
03:11:10,75,3374,0
03:11:20,74,3375,0
03:11:30,73,3377,0
03:11:40,74,3378,0
03:11:50,70,3378,0
03:12:00,72,3377,0
03:12:10,74,3378,0
03:12:20,75,3383,0
03:12:30,76,3383,0
03:12:40,78,3383,0
03:12:50,77,3382,0
03:13:00,75,3392,1
03:13:10,73,3392,0
03:13:20,75,3395,0
03:13:30,79,3407,1
03:13:40,93,3414,0
03:13:50,85,3412,0
03:14:00,70,3416,0
03:14:10,66,3415,0
03:14:20,68,3419,0
03:14:30,70,3418,0
03:14:40,71,3422,0
03:14:50,71,3426,0
03:15:00,74,3423,0
03:15:10,74,3427,0
03:15:20,70,3427,0
03:15:30,69,3432,0
03:15:40,68,3430,0
03:15:50,66,3433,0
03:16:00,65,3432,0
03:16:10,67,3433,0
03:16:20,68,3437,0
03:16:30,70,3436,0
03:16:40,71,3435,0
03:16:50,72,3440,0
03:17:00,67,3441,0
03:17:10,68,3441,0
03:17:20,68,3442,0
03:17:30,69,3443,0
03:17:40,67,3444,0
03:17:50,68,3443,0
03:18:00,69,3442,0
03:18:10,70,3445,0
03:18:20,68,3449,0
03:18:30,68,3447,0
03:18:40,68,3448,0
03:18:50,69,3449,0
03:19:00,68,3450,0
03:19:10,67,3451,0
03:19:20,67,3449,0
03:19:30,67,3454,0
03:19:40,69,3451,0
03:19:50,69,3454,0
03:20:00,67,3455,0
03:20:10,68,3457,0
03:20:20,69,3459,0
03:20:30,68,3459,0
03:20:40,68,3461,0
03:20:50,68,3461,0
03:21:00,67,3464,0
03:21:10,67,3464,0
03:21:20,68,3463,0
03:21:30,69,3464,0
03:21:40,69,3463,0
03:21:50,69,3465,0
03:22:00,71,3464,1
03:22:10,71,3470,0
03:22:20,72,3473,0
03:22:30,67,3479,0
03:22:40,65,3486,0
03:22:50,65,3485,0
03:23:00,66,3487,0
03:23:10,68,3483,0
03:23:20,69,3484,0
03:23:30,69,3478,0
03:23:40,68,3483,0
03:23:50,66,3477,0
03:24:00,66,3477,0
03:24:10,66,3473,0
03:24:20,68,3468,0
03:24:30,65,3463,0
03:24:40,62,3461,0
03:24:50,64,3457,0
03:25:00,65,3453,0
03:25:10,66,3447,0
03:25:20,66,3437,0
03:25:30,67,3431,0
03:25:40,67,3429,0
03:25:50,67,3427,0
03:26:00,67,3425,0
03:26:10,65,3417,0
03:26:20,62,3409,0
03:26:30,64,3409,0
03:26:40,65,3406,0
03:26:50,65,3399,0
03:27:00,65,3391,0
03:27:10,65,3387,0
03:27:20,66,3377,0
03:27:30,66,631,0
03:27:40,65,3365,0
03:27:50,66,3363,0
03:28:00,66,3360,0
03:28:10,67,3353,0
03:28:20,66,3351,0
03:28:30,68,3346,0
03:28:40,68,3340,0
03:28:50,66,3336,0
03:29:00,66,3333,0
03:29:10,67,3327,0
03:29:20,69,3321,0
03:29:30,67,3318,0
03:29:40,67,3315,0
03:29:50,67,3310,0
03:30:00,67,3306,0
03:30:10,65,3303,0
03:30:20,65,3301,0
03:30:30,67,3300,0
03:30:40,67,3297,0
03:30:50,64,3291,0
03:31:00,64,3288,0
03:31:10,64,3283,0
03:31:20,66,3282,0
03:31:30,67,3279,0
03:31:40,66,3275,0
03:31:50,66,3275,0
03:32:00,65,3276,0
03:32:10,66,3272,0
03:32:20,67,3269,0
03:32:30,67,3265,0
03:32:40,66,3263,0
03:32:50,66,3262,0
03:33:00,66,3261,0
03:33:10,66,3258,0
03:33:20,67,3256,0
03:33:30,66,3259,0
03:33:40,67,3255,0
03:33:50,66,3254,0
03:34:00,65,3252,0
03:34:10,66,3250,0
03:34:20,66,3248,0
03:34:30,65,3248,0
03:34:40,64,3246,0
03:34:50,65,3246,0
03:35:00,67,3245,0
03:35:10,67,3243,0
03:35:20,67,3243,0
03:35:30,64,3243,0
03:35:40,65,3241,0
03:35:50,66,3241,0
03:36:00,65,3239,0
03:36:10,66,3235,0
03:36:20,64,3237,0
03:36:30,66,3234,0
03:36:40,66,3238,0
03:36:50,65,3234,0
03:37:00,65,3234,0
03:37:10,66,3231,0
03:37:20,66,3234,0
03:37:30,66,3234,0
03:37:40,66,3234,0
03:37:50,63,3232,0
03:38:00,64,3231,0
03:38:10,66,3227,0
03:38:20,67,3227,0
03:38:30,67,3227,0
03:38:40,65,3227,0
03:38:50,65,3224,0
03:39:00,65,3224,0
03:39:10,65,3226,0
03:39:20,66,3220,0
03:39:30,66,3221,0
03:39:40,68,3222,0
03:39:50,68,3220,0
03:40:00,66,3223,0
03:40:10,65,3219,0
03:40:20,66,3217,0
03:40:30,66,3216,0
03:40:40,68,3216,0
03:40:50,69,3215,0
03:41:00,69,3214,0
03:41:10,72,3217,0
03:41:20,77,3215,0
03:41:30,76,3216,0
03:41:40,70,3211,0
03:41:50,67,3213,0
03:42:00,67,3214,0
03:42:10,67,3212,0
03:42:20,67,3209,0
03:42:30,66,3209,0
03:42:40,66,3212,0
03:42:50,68,3207,0
03:43:00,68,3210,0
03:43:10,66,3208,0
03:43:20,66,3207,0
03:43:30,64,3206,0
03:43:40,67,3205,0
03:43:50,69,3206,0
03:44:00,66,3207,0
03:44:10,67,3204,0
03:44:20,67,3201,0
03:44:30,68,3203,0
03:44:40,67,3203,0
03:44:50,66,3205,0
03:45:00,66,3204,0
03:45:10,68,3201,0
03:45:20,68,3202,0
03:45:30,68,3203,0
03:45:40,70,3204,0
03:45:50,67,3201,0
03:46:00,67,3203,0
03:46:10,69,3202,0
03:46:20,74,3202,0
03:46:30,72,3202,0
03:46:40,65,3201,0
03:46:50,65,3196,0
03:47:00,67,3201,0
03:47:10,68,3197,0
03:47:20,69,3197,0
03:47:30,65,3195,0
03:47:40,64,3193,0
03:47:50,66,3191,0
03:48:00,67,3189,0
03:48:10,67,3190,0
03:48:20,66,3188,0
03:48:30,66,3184,0
03:48:40,64,3184,0
03:48:50,66,3182,0
03:49:00,70,3182,0
03:49:10,69,3179,0
03:49:20,69,3177,0
03:49:30,72,3171,0
03:49:40,70,3171,0
03:49:50,70,3167,0
03:50:00,68,3164,0
03:50:10,67,3159,0
03:50:20,67,3157,0
03:50:30,65,3158,0
03:50:40,68,3152,0
03:50:50,68,3151,0
03:51:00,67,3150,0
03:51:10,68,3151,0
03:51:20,67,3154,0
03:51:30,69,3151,0
03:51:40,68,3148,0
03:51:50,67,3147,0
03:52:00,69,3145,0
03:52:10,70,3145,0
03:52:20,69,3147,0
03:52:30,67,3147,0
03:52:40,67,3145,0
03:52:50,68,3144,0
03:53:00,67,3146,0
03:53:10,66,3142,0
03:53:20,67,3142,0
03:53:30,66,3141,0
03:53:40,70,3136,0
03:53:50,68,3140,0
03:54:00,68,3142,0
03:54:10,66,3139,0
03:54:20,67,3135,0
03:54:30,69,3135,0
03:54:40,70,3136,0
03:54:50,69,3134,0
03:55:00,67,3134,0
03:55:10,67,3132,0
03:55:20,68,3132,0
03:55:30,66,3134,0
03:55:40,69,3137,0
03:55:50,68,3133,0
03:56:00,66,3134,0
03:56:10,67,3132,0
03:56:20,67,3134,0
03:56:30,69,3136,0
03:56:40,68,3136,0
03:56:50,68,3132,0
03:57:00,69,3133,0
03:57:10,69,3134,0
03:57:20,66,3137,0
03:57:30,66,3132,0
03:57:40,68,3133,0
03:57:50,69,3133,0
03:58:00,69,3132,0
03:58:10,67,3135,0
03:58:20,66,3137,0
03:58:30,66,3136,0
03:58:40,66,3139,0
03:58:50,68,3135,0
03:59:00,68,3135,0
03:59:10,68,3137,0
03:59:20,68,3138,0
03:59:30,69,3136,0
03:59:40,68,3132,0
03:59:50,67,3132,0
04:00:00,64,3140,0
04:00:10,67,3136,0
04:00:20,69,3137,0
04:00:30,67,3136,0
04:00:40,67,3139,0
04:00:50,67,3141,0
04:01:00,65,3140,0
04:01:10,66,3140,0
04:01:20,66,3136,0
04:01:30,65,3137,0
04:01:40,65,3141,0
04:01:50,67,3138,0
04:02:00,66,3140,0
04:02:10,68,3141,0
04:02:20,67,3137,0
04:02:30,66,3141,0
04:02:40,65,3140,0
04:02:50,67,3141,0
04:03:00,68,3143,0
04:03:10,68,3142,0
04:03:20,67,3140,0
04:03:30,67,3143,0
04:03:40,67,3142,0
04:03:50,67,3143,0
04:04:00,66,3144,0
04:04:10,67,3147,0
04:04:20,67,3147,0
04:04:30,68,3145,0
04:04:40,67,3149,0
04:04:50,67,3146,0
04:05:00,67,3150,0
04:05:10,68,3150,0
04:05:20,66,3150,1
04:05:30,69,3136,0
04:05:40,87,3133,0
04:05:50,79,3142,0
04:06:00,72,3149,0
04:06:10,66,3153,0
04:06:20,68,3160,0
04:06:30,65,3163,0
04:06:40,67,3166,0
04:06:50,66,3166,1
04:07:00,68,3162,0
04:07:10,63,3156,0
04:07:20,65,3154,0
04:07:30,67,3152,0
04:07:40,67,3146,0
04:07:50,68,3142,0
04:08:00,63,3138,0
04:08:10,64,3140,0
04:08:20,65,3139,0
04:08:30,67,3137,0
04:08:40,68,3138,0
04:08:50,70,3138,0
04:09:00,72,3135,0
04:09:10,68,3138,0
04:09:20,67,3137,0
04:09:30,67,3139,0
04:09:40,68,3138,0
04:09:50,66,3135,0
04:10:00,64,3139,0
04:10:10,65,3139,0
04:10:20,66,3137,0
04:10:30,67,3140,0
04:10:40,67,3139,0
04:10:50,67,3137,0
04:11:00,68,3139,0
04:11:10,69,3139,0
04:11:20,65,3139,0
04:11:30,63,3138,0
04:11:40,63,3140,0
04:11:50,63,3139,0
04:12:00,66,3139,0
04:12:10,67,3137,0
04:12:20,69,3133,1
04:12:30,72,3135,0
04:12:40,82,3131,0
04:12:50,66,3131,0
04:13:00,65,3133,0
04:13:10,62,3131,0
04:13:20,61,3135,0
04:13:30,62,3139,0
04:13:40,65,3141,0
04:13:50,64,3145,0
04:14:00,65,3145,0
04:14:10,65,3148,0
04:14:20,66,3149,0
04:14:30,66,3153,0
04:14:40,65,3154,0
04:14:50,63,3158,0
04:15:00,65,3162,0
04:15:10,66,3166,0
04:15:20,66,3168,0
04:15:30,67,3173,0
04:15:40,65,3173,0
04:15:50,65,3178,0
04:16:00,65,3179,0
04:16:10,63,3183,0
04:16:20,63,3179,0
04:16:30,64,3183,0
04:16:40,64,3187,0
04:16:50,65,3186,0
04:17:00,64,3191,0
04:17:10,64,3196,0
04:17:20,66,3196,0
04:17:30,67,3199,0
04:17:40,67,3200,0
04:17:50,66,3201,0
04:18:00,66,3204,0
04:18:10,66,3204,0
04:18:20,65,3208,0
04:18:30,68,3209,0
04:18:40,70,3208,0
04:18:50,70,3210,0
04:19:00,68,3213,0
04:19:10,68,3219,0
04:19:20,66,3219,0
04:19:30,67,3219,0
04:19:40,68,3221,0
04:19:50,70,3222,0
04:20:00,70,3226,0
04:20:10,70,3225,0
04:20:20,70,3231,0
04:20:30,71,3230,0
04:20:40,69,3229,0
04:20:50,71,3228,1
04:21:00,73,3233,1
04:21:10,78,3222,0
04:21:20,81,3225,1
04:21:30,78,3219,0
04:21:40,63,3220,0
04:21:50,63,3220,0
04:22:00,64,3216,0
04:22:10,64,3219,0
04:22:20,65,3219,0
04:22:30,65,3225,0
04:22:40,64,3227,0
04:22:50,65,3227,0
04:23:00,64,3232,0
04:23:10,65,3235,0
04:23:20,67,3238,0
04:23:30,67,3243,0
04:23:40,67,3243,0
04:23:50,69,3251,0
04:24:00,74,3255,0
04:24:10,79,3256,0
04:24:20,79,3262,0
04:24:30,73,3265,0
04:24:40,73,3268,0
04:24:50,70,3269,0
04:25:00,67,3272,0
04:25:10,65,3277,0
04:25:20,69,3281,0
04:25:30,70,3288,0
04:25:40,69,3284,0
04:25:50,69,3289,0
04:26:00,69,3292,0
04:26:10,69,3293,0
04:26:20,69,3297,0
04:26:30,69,3304,0
04:26:40,68,3307,0
04:26:50,69,3306,0
04:27:00,69,3314,0
04:27:10,70,3316,0
04:27:20,69,3323,0
04:27:30,70,3321,0
04:27:40,67,3326,0
04:27:50,64,3329,0
04:28:00,64,3335,0
04:28:10,65,3338,0
04:28:20,66,3338,0
04:28:30,66,3341,0
04:28:40,67,3344,0
04:28:50,65,3345,0
04:29:00,67,3352,0
04:29:10,67,3351,0
04:29:20,67,3352,0
04:29:30,67,3354,0
04:29:40,67,3359,0
04:29:50,69,3359,0
04:30:00,71,3360,0
04:30:10,71,3363,0
04:30:20,70,3367,0
04:30:30,71,3369,0
04:30:40,69,3369,0
04:30:50,69,3374,0
04:31:00,66,3374,0
04:31:10,67,3374,0
04:31:20,69,3379,0
04:31:30,71,3379,0
04:31:40,72,3381,0
04:31:50,73,3384,0
04:32:00,73,3387,0
04:32:10,73,3389,0
04:32:20,72,3391,0
04:32:30,74,3394,0
04:32:40,75,3395,0
04:32:50,76,3395,0
04:33:00,77,3395,0
04:33:10,77,3398,0
04:33:20,75,3398,0
04:33:30,74,3399,0
04:33:40,69,3399,0
04:33:50,70,3401,0
04:34:00,72,3401,0
04:34:10,71,3399,0
04:34:20,71,3402,0
04:34:30,72,3406,0
04:34:40,71,3404,0
04:34:50,70,3406,0
04:35:00,71,3409,0
04:35:10,71,3406,0
04:35:20,72,3408,0
04:35:30,71,3406,0
04:35:40,73,3413,0
04:35:50,74,3428,0
04:36:00,80,3428,0
04:36:10,64,3429,0
04:36:20,62,3429,0
04:36:30,61,3434,0
04:36:40,61,3438,0
04:36:50,63,3437,0
04:37:00,64,3437,0
04:37:10,64,3435,0
04:37:20,66,3437,0
04:37:30,67,3434,0
04:37:40,67,3437,0
04:37:50,69,3436,0
04:38:00,64,3434,0
04:38:10,63,3434,0
04:38:20,66,3434,0
04:38:30,70,3434,0
04:38:40,73,3434,0
04:38:50,73,3432,0
04:39:00,68,3432,0
04:39:10,65,3433,0
04:39:20,65,3433,0
04:39:30,62,3433,0
04:39:40,62,3431,0
04:39:50,61,3432,0
04:40:00,62,3433,0
04:40:10,63,3433,0
04:40:20,64,3431,0
04:40:30,68,3429,0
04:40:40,68,3436,0
04:40:50,67,3435,0
04:41:00,67,3436,0
04:41:10,65,3434,0
04:41:20,65,3434,0
04:41:30,66,3438,0
04:41:40,69,3435,0
04:41:50,72,3434,0
04:42:00,73,3433,0
04:42:10,72,3435,0
04:42:20,70,3434,0
04:42:30,71,3438,0
04:42:40,72,3438,0
04:42:50,72,3431,0
04:43:00,69,3435,0
04:43:10,70,3434,0
04:43:20,69,3434,0
04:43:30,68,3435,0
04:43:40,68,3436,0
04:43:50,68,3434,0
04:44:00,68,3436,0
04:44:10,68,3436,0
04:44:20,69,3437,0
04:44:30,66,3434,0
04:44:40,65,3434,0
04:44:50,65,3432,0
04:45:00,65,3435,0
04:45:10,65,3434,0
04:45:20,66,3433,0
04:45:30,67,3428,0
04:45:40,69,3430,0
04:45:50,69,3432,0
04:46:00,69,3432,0
04:46:10,69,3426,0
04:46:20,70,3429,0
04:46:30,69,3427,0
04:46:40,70,3432,1
04:46:50,76,3430,0
04:47:00,82,3434,0
04:47:10,77,3432,0
04:47:20,69,3430,0
04:47:30,66,3183,0
04:47:40,65,3425,0
04:47:50,66,3424,0
04:48:00,66,3423,0
04:48:10,66,3419,0
04:48:20,66,3416,0
04:48:30,67,3417,0
04:48:40,67,3410,0
04:48:50,67,3412,0
04:49:00,67,3411,0
04:49:10,66,3411,0
04:49:20,63,3406,0
04:49:30,65,3404,0
04:49:40,66,3406,0
04:49:50,66,3401,0
04:50:00,65,3397,0
04:50:10,66,3397,0
04:50:20,65,3396,0
04:50:30,65,3397,0
04:50:40,67,3392,0
04:50:50,68,3391,0
04:51:00,67,3394,0
04:51:10,67,3390,0
04:51:20,64,3390,0
04:51:30,63,3390,0
04:51:40,66,3392,0
04:51:50,66,3392,0
04:52:00,67,3387,0
04:52:10,67,3393,0
04:52:20,67,3391,0
04:52:30,67,3390,0
04:52:40,70,3392,0
04:52:50,65,3391,0
04:53:00,63,3394,0
04:53:10,63,3395,0
04:53:20,65,3397,0
04:53:30,64,3394,0
04:53:40,65,3394,0
04:53:50,67,3394,0
04:54:00,66,3393,0
04:54:10,63,3393,0
04:54:20,63,3394,0
04:54:30,65,3393,0
04:54:40,66,3394,0
04:54:50,67,3393,0
04:55:00,66,3392,0
04:55:10,63,3392,0
04:55:20,63,3391,0
04:55:30,63,3390,0
04:55:40,65,3393,0
04:55:50,66,3389,0
04:56:00,66,3391,0
04:56:10,66,3390,0
04:56:20,65,3391,0
04:56:30,66,3390,0
04:56:40,68,3389,0
04:56:50,61,3393,0
04:57:00,64,3390,0
04:57:10,66,3391,0
04:57:20,65,3392,0
04:57:30,65,3393,0
04:57:40,66,3391,0
04:57:50,67,3392,0
04:58:00,66,3392,0
04:58:10,66,3388,0
04:58:20,67,3389,0
04:58:30,67,3391,0
04:58:40,65,3391,0
04:58:50,65,3390,0
04:59:00,64,3394,0
04:59:10,65,3396,0
04:59:20,66,3394,0
04:59:30,66,3394,0
04:59:40,66,3393,0
04:59:50,65,3399,0
05:00:00,64,3397,0
05:00:10,64,3396,0
05:00:20,64,3398,0
05:00:30,64,3398,0
05:00:40,64,3399,0
05:00:50,64,3400,0
05:01:00,64,3398,0
05:01:10,65,3398,0
05:01:20,65,3401,0
05:01:30,66,3400,0
05:01:40,65,3401,0
05:01:50,65,3401,0
05:02:00,65,3401,0
05:02:10,64,3402,0
05:02:20,65,3399,0
05:02:30,65,3401,0
05:02:40,64,3405,0
05:02:50,65,3407,0
05:03:00,65,3402,0
05:03:10,65,3403,0
05:03:20,66,3408,0
05:03:30,64,3407,0
05:03:40,65,3405,0
05:03:50,64,3410,0
05:04:00,64,3409,0
05:04:10,64,3407,0
05:04:20,62,3407,0
05:04:30,62,3412,0
05:04:40,64,3408,0
05:04:50,69,3411,0
05:05:00,73,3413,0
05:05:10,74,3413,0
05:05:20,71,3412,0
05:05:30,67,1604,0
05:05:40,65,3411,0
05:05:50,68,3417,0
05:06:00,67,3415,0
05:06:10,66,3418,0
05:06:20,65,3418,0
05:06:30,65,3420,0
05:06:40,66,3419,0
05:06:50,66,3422,0
05:07:00,65,3416,0
05:07:10,65,3418,0
05:07:20,64,3421,0
05:07:30,65,3423,0
05:07:40,65,3422,0
05:07:50,66,3423,0
05:08:00,68,3426,0
05:08:10,65,3425,0
05:08:20,66,3427,0
05:08:30,69,3426,0
05:08:40,66,3430,0
05:08:50,66,3431,0
05:09:00,65,3433,0
05:09:10,65,3432,0
05:09:20,66,3432,0
05:09:30,65,3436,0
05:09:40,66,3433,0
05:09:50,66,3433,0
05:10:00,65,3434,0
05:10:10,65,3439,0
05:10:20,66,3437,0
05:10:30,66,3436,0
05:10:40,67,3435,0
05:10:50,64,3437,0
05:11:00,64,3439,0
05:11:10,65,3437,0
05:11:20,66,3432,0
05:11:30,65,3436,0
05:11:40,64,3438,0
05:11:50,63,3435,0
05:12:00,64,3438,0
05:12:10,63,3437,0
05:12:20,64,3439,0
05:12:30,65,3440,0
05:12:40,63,3439,0
05:12:50,64,3440,0
05:13:00,63,3439,0
05:13:10,64,3443,0
05:13:20,65,3439,0
05:13:30,64,3443,0
05:13:40,66,3443,0
05:13:50,65,3443,0
05:14:00,66,3442,0
05:14:10,72,3430,0
05:14:20,87,3423,0
05:14:30,90,3416,0
05:14:40,68,3413,0
05:14:50,59,3413,0
05:15:00,59,3410,0
05:15:10,61,3411,0
05:15:20,62,3411,0
05:15:30,63,3413,0
05:15:40,63,3412,0
05:15:50,64,3409,0
05:16:00,68,3401,0
05:16:10,76,3413,0
05:16:20,73,3423,0
05:16:30,65,3423,0
05:16:40,62,3427,0
05:16:50,62,3430,0
05:17:00,63,3431,0
05:17:10,63,3428,0
05:17:20,62,3427,0
05:17:30,64,3430,0
05:17:40,64,3425,0
05:17:50,62,3422,0
05:18:00,61,3421,0
05:18:10,62,3420,0
05:18:20,62,3417,0
05:18:30,63,3413,0
05:18:40,63,3413,0
05:18:50,63,3410,0
05:19:00,64,3409,0
05:19:10,64,3407,0
05:19:20,62,3406,0
05:19:30,61,3405,0
05:19:40,61,3401,0
05:19:50,62,3399,0
05:20:00,63,3395,0
05:20:10,63,3396,0
05:20:20,63,3395,0
05:20:30,64,3392,0
05:20:40,64,3390,0
05:20:50,64,3391,0
05:21:00,63,3387,0
05:21:10,63,3384,0
05:21:20,63,3381,0
05:21:30,63,3381,0
05:21:40,63,3375,0
05:21:50,62,3376,0
05:22:00,64,3372,0
05:22:10,63,3370,0
05:22:20,63,3371,0
05:22:30,63,3370,0
05:22:40,64,3369,0
05:22:50,63,3368,0
05:23:00,65,3365,0
05:23:10,64,3365,0
05:23:20,63,3364,0
05:23:30,62,3365,0
05:23:40,62,3366,0
05:23:50,62,3362,0
05:24:00,63,3361,0
05:24:10,62,3363,0
05:24:20,63,3364,0
05:24:30,63,3359,0
05:24:40,62,3359,0
05:24:50,62,3362,0
05:25:00,62,3361,0
05:25:10,64,3360,0
05:25:20,61,3360,0
05:25:30,62,3361,0
05:25:40,64,3361,0
05:25:50,63,3360,0
05:26:00,63,3357,0
05:26:10,63,3357,0
05:26:20,63,3359,0
05:26:30,63,3361,0
05:26:40,63,3362,0
05:26:50,63,3356,0
05:27:00,64,3360,0
05:27:10,63,3359,0
05:27:20,64,3361,0
05:27:30,62,3359,0
05:27:40,62,3361,0
05:27:50,63,3361,0
05:28:00,61,3362,0
05:28:10,62,3359,0
05:28:20,63,3359,0
05:28:30,63,3360,0
05:28:40,63,3361,0
05:28:50,63,3359,0
05:29:00,63,3360,0
05:29:10,64,3360,0
05:29:20,64,3360,0
05:29:30,65,3360,0
05:29:40,62,3360,0
05:29:50,62,3362,0
05:30:00,62,3360,0
05:30:10,64,3360,0
05:30:20,64,3360,0
05:30:30,64,3363,0
05:30:40,64,3362,0
05:30:50,64,3359,0
05:31:00,65,3362,0
05:31:10,65,3360,0
05:31:20,64,3358,0
05:31:30,63,3361,0
05:31:40,63,3360,0
05:31:50,64,3358,0
05:32:00,64,3361,0
05:32:10,64,3356,0
05:32:20,64,3361,0
05:32:30,62,3359,0
05:32:40,62,3364,0
05:32:50,64,3360,0
05:33:00,64,3360,0
05:33:10,63,3361,0
05:33:20,63,3360,0
05:33:30,64,3360,0
05:33:40,64,3362,0
05:33:50,64,3358,0
05:34:00,63,3361,0
05:34:10,64,3359,0
05:34:20,64,3361,0
05:34:30,63,3358,0
05:34:40,64,3363,0
05:34:50,63,3362,0
05:35:00,64,3364,0
05:35:10,64,3364,0
05:35:20,63,3364,0
05:35:30,62,3361,0
05:35:40,62,3359,0
05:35:50,62,3361,0
05:36:00,63,3362,0
05:36:10,64,3361,0
05:36:20,64,3360,0
05:36:30,64,3362,0
05:36:40,64,3363,0
05:36:50,64,3362,0
05:37:00,64,3369,0
05:37:10,65,3366,0
05:37:20,63,3361,0
05:37:30,67,3361,0
05:37:40,62,3356,0
05:37:50,60,3351,0
05:38:00,63,3351,0
05:38:10,58,3345,0
05:38:20,59,3341,0
05:38:30,61,3337,0
05:38:40,62,3337,0
05:38:50,61,3329,0
05:39:00,59,3330,0
05:39:10,61,3328,0
05:39:20,65,3324,0
05:39:30,61,3324,0
05:39:40,60,3320,0
05:39:50,61,3319,0
05:40:00,61,3317,0
05:40:10,62,3316,0
05:40:20,65,3312,1
05:40:30,68,3324,0
05:40:40,76,3337,0
05:40:50,71,3341,0
05:41:00,62,3345,0
05:41:10,58,3351,0
05:41:20,58,3346,0
05:41:30,60,3351,0
05:41:40,59,3348,0
05:41:50,60,3354,0
05:42:00,57,3355,0
05:42:10,58,3360,0
05:42:20,61,3360,0
05:42:30,62,3361,0
05:42:40,61,3361,0
05:42:50,60,3365,0
05:43:00,64,3366,0
05:43:10,69,3383,0
05:43:20,77,3365,0
05:43:30,85,3361,0
05:43:40,89,3362,0
05:43:50,67,3371,0
05:44:00,64,3376,0
05:44:10,65,3379,0
05:44:20,64,3383,0
05:44:30,67,3387,0
05:44:40,74,3393,0
05:44:50,68,3399,0
05:45:00,65,3396,1
05:45:10,71,3354,0
05:45:20,73,3343,0
05:45:30,76,3328,1
05:45:40,82,3327,1
05:45:50,88,3330,1
05:46:00,79,3340,1
05:46:10,95,3327,0
05:46:20,87,3328,0
05:46:30,82,3333,0
05:46:40,82,3343,0
05:46:50,77,3337,1
05:47:00,99,3349,1
05:47:10,91,3348,1
05:47:20,89,3352,0
05:47:30,89,3342,0
05:47:40,78,3326,0
05:47:50,75,3321,0
05:48:00,78,3299,1
05:48:10,78,3295,1
05:48:20,81,3290,0
05:48:30,77,3290,1
05:48:40,69,3310,0
05:48:50,69,3317,0
05:49:00,67,3328,0
05:49:10,66,3328,0
05:49:20,66,3338,0
05:49:30,68,3351,0
05:49:40,67,3353,0
05:49:50,66,3354,0
05:50:00,65,3354,0
05:50:10,66,3344,1
05:50:20,71,3311,1
05:50:30,79,3354,0
05:50:40,76,3365,0
05:50:50,68,3373,0
05:51:00,68,3378,0
05:51:10,67,3379,0
05:51:20,66,3378,0
05:51:30,67,3380,0
05:51:40,65,3380,0
05:51:50,66,3379,0
05:52:00,68,3378,0
05:52:10,67,3378,0
05:52:20,67,3377,0
05:52:30,67,3377,0
05:52:40,66,3375,0
05:52:50,66,3375,0
05:53:00,65,3378,0
05:53:10,65,3377,0
05:53:20,65,3376,0
05:53:30,66,3378,1
05:53:40,69,3375,0
05:53:50,74,3374,0
05:54:00,67,3374,0
05:54:10,65,3373,0
05:54:20,64,3373,0
05:54:30,64,3375,0
05:54:40,65,3376,0
05:54:50,65,3374,0
05:55:00,66,3377,0
05:55:10,67,3378,0
05:55:20,66,3380,0
05:55:30,67,3384,0
05:55:40,65,3384,0
05:55:50,65,3384,0
05:56:00,65,3385,0
05:56:10,66,3389,0
05:56:20,67,3388,0
05:56:30,66,3390,0
05:56:40,64,3394,0
05:56:50,63,3395,0
05:57:00,63,3397,0
05:57:10,65,3399,0
05:57:20,63,3397,0
05:57:30,65,3402,0
05:57:40,65,3403,0
05:57:50,64,3403,0
05:58:00,64,3405,0
05:58:10,62,3407,0
05:58:20,64,3405,0
05:58:30,65,3409,0
05:58:40,64,3411,0
05:58:50,64,3408,0
05:59:00,64,3411,0
05:59:10,63,3412,0
05:59:20,66,3411,0
05:59:30,66,3406,1
05:59:40,72,3391,0
05:59:50,89,3376,0
06:00:00,73,3366,0
06:00:10,61,3364,0
06:00:20,60,3359,0
06:00:30,61,3360,0
06:00:40,61,3360,0
06:00:50,63,3359,0
06:01:00,65,3357,0
06:01:10,66,3358,0
06:01:20,62,3357,0
06:01:30,62,3356,0
06:01:40,60,3355,0
06:01:50,61,3356,0
06:02:00,62,3355,0
06:02:10,64,3355,0
06:02:20,64,3357,0
06:02:30,62,3358,0
06:02:40,61,3356,0
06:02:50,62,3356,0
06:03:00,60,3357,0
06:03:10,62,3355,0
06:03:20,61,3355,0
06:03:30,61,3355,0
06:03:40,62,3354,0
06:03:50,63,3357,0
06:04:00,64,3362,0
06:04:10,62,3361,0
06:04:20,62,3363,0
06:04:30,62,3363,0
06:04:40,61,3365,0
06:04:50,61,3363,0
06:05:00,63,3365,0
06:05:10,62,3368,0
06:05:20,61,3366,0
06:05:30,62,3369,0
06:05:40,62,3369,0
06:05:50,62,3371,0
06:06:00,64,3375,0
06:06:10,64,3373,0
06:06:20,62,3372,0
06:06:30,63,3374,0
06:06:40,60,3373,0
06:06:50,61,3374,0
06:07:00,63,3376,0
06:07:10,64,3375,0
06:07:20,62,3377,0
06:07:30,63,3378,0
06:07:40,64,3379,0
06:07:50,65,3383,0
06:08:00,64,3381,0
06:08:10,65,3382,0
06:08:20,62,3384,0
06:08:30,61,3383,0
06:08:40,61,3387,0
06:08:50,61,3383,0
06:09:00,62,3388,0
06:09:10,63,3390,0
06:09:20,62,3387,0
06:09:30,63,3390,0
06:09:40,64,3392,0
06:09:50,63,3391,0
06:10:00,63,3393,0
06:10:10,63,3392,0
06:10:20,63,3396,0
06:10:30,63,3397,0
06:10:40,64,3397,0
06:10:50,63,3400,0
06:11:00,64,3412,1
06:11:10,70,3411,0
06:11:20,77,3396,0
06:11:30,79,3388,0
06:11:40,68,3382,0
06:11:50,65,3374,0
06:12:00,62,3375,0
06:12:10,61,3368,0
06:12:20,60,3375,0
06:12:30,62,3371,0
06:12:40,63,3374,0
06:12:50,61,3370,0
06:13:00,62,3371,0
06:13:10,62,3371,0
06:13:20,61,3366,0
06:13:30,59,3367,0
06:13:40,59,3366,0
06:13:50,60,3368,0
06:14:00,62,3362,0
06:14:10,61,3365,0
06:14:20,60,3368,0
06:14:30,60,3368,0
06:14:40,61,3364,0
06:14:50,61,3365,0
06:15:00,61,3362,0
06:15:10,59,3367,0
06:15:20,59,3360,0
06:15:30,59,3363,0
06:15:40,59,3366,0
06:15:50,57,3369,0
06:16:00,58,3370,0
06:16:10,59,3377,0
06:16:20,60,3375,0
06:16:30,61,3375,0
06:16:40,61,3374,0
06:16:50,61,3374,0
06:17:00,60,3379,0
06:17:10,61,3377,0
06:17:20,60,3380,0
06:17:30,61,3380,0
06:17:40,60,3377,0
06:17:50,59,3378,0
06:18:00,60,3380,0
06:18:10,60,3379,0
06:18:20,61,3379,0
06:18:30,61,3378,0
06:18:40,61,3377,0
06:18:50,59,3377,0
06:19:00,60,3375,0
06:19:10,60,3370,0
06:19:20,60,3367,0
06:19:30,62,3367,0
06:19:40,63,3368,0
06:19:50,65,3365,0
06:20:00,65,3362,0
06:20:10,62,3356,0
06:20:20,63,3357,0
06:20:30,63,3356,0
06:20:40,62,3355,0
06:20:50,62,3353,0
06:21:00,62,3354,0
06:21:10,60,3354,0
06:21:20,60,3355,0
06:21:30,61,3358,0
06:21:40,62,3359,0
06:21:50,62,3357,0
06:22:00,61,3360,0
06:22:10,59,3358,0
06:22:20,59,3364,0
06:22:30,60,3361,0
06:22:40,63,3360,0
06:22:50,60,3365,0
06:23:00,60,3365,0
06:23:10,61,3366,0
06:23:20,62,3363,0
06:23:30,63,3365,0
06:23:40,61,3367,0
06:23:50,61,3364,0
06:24:00,61,3364,0
06:24:10,61,3366,0
06:24:20,61,3363,0
06:24:30,61,3366,0
06:24:40,62,3368,0
06:24:50,66,3370,0
06:25:00,71,3393,0
06:25:10,85,3384,0
06:25:20,88,3379,0
06:25:30,73,3377,0
06:25:40,60,3372,0
06:25:50,57,3365,0
06:26:00,56,3363,0
06:26:10,58,3361,0
06:26:20,60,3356,0
06:26:30,60,3350,0
06:26:40,60,3345,0
06:26:50,60,3341,0
06:27:00,59,3332,0
06:27:10,62,3328,0
06:27:20,61,3321,0
06:27:30,60,3321,0
06:27:40,60,3316,0
06:27:50,63,3331,0
06:28:00,65,3329,0
06:28:10,63,3324,0
06:28:20,64,3314,0
06:28:30,64,3303,0
06:28:40,62,3294,0
06:28:50,62,3286,0
06:29:00,62,3276,0
06:29:10,60,3267,0
06:29:20,62,3265,0
06:29:30,62,3260,0
06:29:40,62,3253,0
06:29:50,65,3234,1
06:30:00,75,3236,0
06:30:10,67,3246,0
06:30:20,64,3253,0
06:30:30,63,3258,0
06:30:40,62,3266,0
06:30:50,63,3272,0
06:31:00,62,3274,0
06:31:10,63,3278,0
06:31:20,62,3283,0
06:31:30,62,3288,0
06:31:40,60,3290,0
06:31:50,62,3290,0
06:32:00,62,3293,0
06:32:10,60,3293,0
06:32:20,60,3299,0
06:32:30,61,3299,0
06:32:40,63,3302,0
06:32:50,64,3308,0
06:33:00,63,3309,0
06:33:10,62,3313,0
06:33:20,59,3315,0
06:33:30,58,3314,0
06:33:40,60,3320,0
06:33:50,62,3319,0
06:34:00,64,3324,0
06:34:10,62,3328,0
06:34:20,61,3332,0
06:34:30,60,3330,0
06:34:40,59,3336,0
06:34:50,61,3336,0
06:35:00,61,3340,0
06:35:10,60,3340,0
06:35:20,61,3344,0
06:35:30,66,3322,0
06:35:40,76,3309,0
06:35:50,69,3301,0
06:36:00,61,3294,0
06:36:10,60,3284,0
06:36:20,62,3273,0
06:36:30,61,3273,0
06:36:40,64,3262,0
06:36:50,63,3267,0
06:37:00,62,3265,0
06:37:10,63,3266,0
06:37:20,61,3261,0
06:37:30,63,3259,0
06:37:40,62,3258,0
06:37:50,63,3258,0
06:38:00,63,3256,0
06:38:10,63,3261,0
06:38:20,64,3256,0
06:38:30,64,3251,0
06:38:40,62,3251,0
06:38:50,63,3254,0
06:39:00,64,3256,0
06:39:10,64,3254,0
06:39:20,64,3256,0
06:39:30,65,3254,0
06:39:40,66,3252,0
06:39:50,67,3249,0
06:40:00,66,3251,0
06:40:10,65,3242,0
06:40:20,67,3240,0
06:40:30,67,3246,0
06:40:40,68,3248,0
06:40:50,68,3247,0
06:41:00,68,3246,0
06:41:10,68,3248,0
06:41:20,68,3243,0
06:41:30,68,3242,0
06:41:40,69,3246,0
06:41:50,69,3248,0
06:42:00,68,3244,0
06:42:10,66,3249,0
06:42:20,66,3245,0
06:42:30,67,3244,0
06:42:40,67,3247,0
06:42:50,67,3247,0
06:43:00,67,3246,0
06:43:10,66,3242,0
06:43:20,66,3240,0
06:43:30,66,3238,0
06:43:40,67,3237,0
06:43:50,68,3235,0
06:44:00,68,3239,0
06:44:10,69,3239,0
06:44:20,68,3239,0
06:44:30,68,3241,0
06:44:40,67,3242,0
06:44:50,67,3241,0
06:45:00,67,3242,0
06:45:10,67,3237,0
06:45:20,67,3236,0
06:45:30,68,3240,0
06:45:40,68,3237,0
06:45:50,69,3242,0
06:46:00,71,3243,0
06:46:10,71,3244,0
06:46:20,71,3245,0
06:46:30,72,3238,0
06:46:40,70,3238,0
06:46:50,68,3244,0
06:47:00,68,3243,0
06:47:10,68,3244,0
06:47:20,69,3247,0
06:47:30,71,3246,0
06:47:40,67,3249,0
06:47:50,66,3245,0
06:48:00,65,3243,0
06:48:10,65,3249,0
06:48:20,64,3247,0
06:48:30,63,3248,0
06:48:40,66,3246,0
06:48:50,66,3251,0
06:49:00,67,3250,0
06:49:10,66,3248,0
06:49:20,68,3248,0
06:49:30,71,3247,0
06:49:40,72,3250,0
06:49:50,70,3247,0
06:50:00,68,3246,0
06:50:10,66,3243,0
06:50:20,68,3246,0
06:50:30,67,3248,0
06:50:40,64,3245,0
06:50:50,65,3246,0
06:51:00,65,3248,0
06:51:10,67,3247,0
06:51:20,66,3247,0
06:51:30,66,3250,0
06:51:40,67,3251,0
06:51:50,67,3251,0
06:52:00,67,3252,0
06:52:10,64,3252,0
06:52:20,65,3250,0
06:52:30,67,3244,0
06:52:40,66,3243,0
06:52:50,66,3239,0
06:53:00,67,3238,0
06:53:10,67,3239,0
06:53:20,68,3241,0
06:53:30,68,3243,0
06:53:40,68,3240,0
06:53:50,69,3242,0
06:54:00,68,3246,0
06:54:10,69,3244,0
06:54:20,69,3249,0
06:54:30,69,3248,0
06:54:40,70,3247,0
06:54:50,71,3245,0
06:55:00,70,3246,0
06:55:10,70,3248,0
06:55:20,70,3249,0
06:55:30,72,3248,0
06:55:40,67,3246,0
06:55:50,67,3255,0
06:56:00,73,3267,0
06:56:10,82,3281,0
06:56:20,61,3294,0
06:56:30,58,3301,0
06:56:40,57,3314,0
06:56:50,58,3319,0
06:57:00,60,3328,0
06:57:10,61,3335,0
06:57:20,63,3343,0
06:57:30,62,3351,0
06:57:40,62,3355,0
06:57:50,63,3358,0
06:58:00,61,3361,0
06:58:10,62,3366,0
06:58:20,63,3369,0
06:58:30,68,3372,0
06:58:40,75,3393,0
06:58:50,70,3402,0
06:59:00,67,3406,0
06:59:10,67,3414,0
06:59:20,66,3416,0
06:59:30,66,3423,0
06:59:40,66,3421,0
06:59:50,67,3423,0
07:00:00,66,3423,0
07:00:10,64,3422,0
07:00:20,65,3422,0
07:00:30,64,3419,0
07:00:40,65,3417,0
07:00:50,66,3417,0
07:01:00,67,3418,0
07:01:10,69,3418,0
07:01:20,68,3415,0
07:01:30,67,3416,0
07:01:40,66,3417,0
07:01:50,66,3414,0
07:02:00,65,3413,0
07:02:10,65,3416,0
07:02:20,65,3415,0
07:02:30,65,3416,0
07:02:40,64,3417,0
07:02:50,65,3416,0
07:03:00,66,3414,0
07:03:10,66,3419,0
07:03:20,66,3418,0
07:03:30,67,3418,0
07:03:40,67,3415,0
07:03:50,66,3415,0
07:04:00,64,3413,0
07:04:10,65,3412,0
07:04:20,65,3411,0
07:04:30,67,3409,0
07:04:40,68,3408,0
07:04:50,68,3407,0
07:05:00,68,3408,0
07:05:10,69,3407,0
07:05:20,69,3399,0
07:05:30,76,3399,0
07:05:40,79,3401,0
07:05:50,69,3396,0
07:06:00,64,3396,0
07:06:10,62,3394,0
07:06:20,61,3391,0
07:06:30,62,3388,0
07:06:40,64,3385,0
07:06:50,66,3383,0
07:07:00,65,3382,0
07:07:10,65,3380,0
07:07:20,65,3382,0
07:07:30,66,3378,0
07:07:40,67,3378,0
07:07:50,67,3376,0
07:08:00,65,3373,0
07:08:10,64,3372,0
07:08:20,65,3372,0
07:08:30,66,3371,0
07:08:40,66,3372,0
07:08:50,65,3367,0
07:09:00,65,3368,0
07:09:10,65,3367,0
07:09:20,63,3366,0
07:09:30,64,3365,0
07:09:40,67,3366,0
07:09:50,70,3366,0
07:10:00,70,3364,0
07:10:10,69,3364,0
07:10:20,70,3362,0
07:10:30,66,3365,0
07:10:40,66,3361,0
07:10:50,66,3362,0
07:11:00,66,3360,0
07:11:10,65,3362,0
07:11:20,65,3361,0
07:11:30,66,3358,0
07:11:40,66,3359,0
07:11:50,67,3357,0
07:12:00,67,3361,0
07:12:10,68,3352,0
07:12:20,72,3329,0
07:12:30,73,3346,0
07:12:40,64,3357,0
07:12:50,61,3362,0
07:13:00,62,3363,0
07:13:10,63,3365,0
07:13:20,65,3367,0
07:13:30,66,3365,0
07:13:40,67,3366,0
07:13:50,64,3368,0
07:14:00,65,3367,0
07:14:10,67,3366,0
07:14:20,66,3370,0
07:14:30,64,3370,0
07:14:40,63,3364,0
07:14:50,61,3365,0
07:15:00,63,3364,0
07:15:10,65,3359,0
07:15:20,65,3358,0
07:15:30,63,3360,0
07:15:40,65,3359,0
07:15:50,64,3359,0
07:16:00,63,3356,0
07:16:10,63,3355,0
07:16:20,64,3357,0
07:16:30,63,3355,0
07:16:40,63,3356,0
07:16:50,63,3354,0
07:17:00,63,3352,0
07:17:10,64,3353,0
07:17:20,64,3348,0
07:17:30,67,3350,0
07:17:40,66,3349,0
07:17:50,65,3346,0
07:18:00,65,3349,0
07:18:10,64,3347,0
07:18:20,64,3344,0
07:18:30,64,3345,0
07:18:40,64,3345,0
07:18:50,63,3343,0
07:19:00,63,3344,0
07:19:10,64,3340,0
07:19:20,66,3340,0
07:19:30,63,3341,0
07:19:40,64,3336,1
07:19:50,70,3334,0
07:20:00,73,3317,1
07:20:10,88,3301,0
07:20:20,83,3291,0
07:20:30,69,3283,0
07:20:40,64,3281,0
07:20:50,62,3275,0
07:21:00,62,3280,0
07:21:10,61,3279,0
07:21:20,62,3281,0
07:21:30,62,3285,0
07:21:40,63,3288,0
07:21:50,65,3289,0
07:22:00,64,3297,0
07:22:10,64,3301,0
07:22:20,67,3308,0
07:22:30,67,3311,0
07:22:40,64,3314,0
07:22:50,64,3320,0
07:23:00,65,3324,0
07:23:10,63,3331,0
07:23:20,62,3336,0
07:23:30,64,3339,0
07:23:40,63,3341,0
07:23:50,59,3342,0
07:24:00,59,3346,0
07:24:10,60,3350,0
07:24:20,61,3357,0
07:24:30,63,3357,0
07:24:40,62,3361,0
07:24:50,61,3364,0
07:25:00,61,3367,0
07:25:10,62,3411,0
07:25:20,69,3397,0
07:25:30,70,3392,0
07:25:40,65,3389,0
07:25:50,63,3391,0
07:26:00,62,3386,0
07:26:10,61,3386,0
07:26:20,63,3387,0
07:26:30,61,3394,0
07:26:40,63,3404,0
07:26:50,84,3413,0
07:27:00,73,3415,0
07:27:10,69,3412,0
07:27:20,66,3411,0
07:27:30,61,3410,0
07:27:40,60,3405,0
07:27:50,61,3408,0
07:28:00,61,3404,0
07:28:10,62,3403,0
07:28:20,63,3403,0
07:28:30,64,3396,0
07:28:40,65,3399,0
07:28:50,65,3398,0
07:29:00,58,3393,0
07:29:10,58,3392,0
07:29:20,60,3389,0
07:29:30,62,3386,0
07:29:40,62,3385,0
07:29:50,61,3381,1
07:30:00,64,3396,0
07:30:10,85,3408,0
07:30:20,85,3411,1
07:30:30,79,3421,1
07:30:40,74,3421,0
07:30:50,66,3421,0
07:31:00,66,3421,0
07:31:10,68,3424,0
07:31:20,74,3416,0
07:31:30,71,3415,1
07:31:40,72,3406,0
07:31:50,68,3401,0
07:32:00,70,3399,0
07:32:10,69,3398,0
07:32:20,67,3394,0
07:32:30,69,3404,1
07:32:40,75,3399,0
07:32:50,72,3404,0
07:33:00,70,3399,1
07:33:10,72,3393,0
07:33:20,68,3394,0
07:33:30,67,3386,0
07:33:40,66,3377,0
07:33:50,66,3373,0
07:34:00,68,3362,0
07:34:10,67,3354,0
07:34:20,67,3349,0
07:34:30,70,3344,0
07:34:40,69,3337,0
07:34:50,68,3330,0
07:35:00,67,3325,0
07:35:10,67,3319,0
07:35:20,66,3311,0
07:35:30,66,3311,0
07:35:40,67,3308,0
07:35:50,67,3305,0
07:36:00,67,3301,0
07:36:10,68,3295,0
07:36:20,68,3294,0
07:36:30,68,3291,0
07:36:40,68,3290,0
07:36:50,69,3287,0
07:37:00,67,3284,0
07:37:10,67,3283,0
07:37:20,68,3281,0
07:37:30,70,3278,0
07:37:40,70,3279,0
07:37:50,72,3306,1
07:38:00,73,3298,1
07:38:10,75,3301,1
07:38:20,84,3308,1
07:38:30,95,3332,0
07:38:40,86,3333,0
07:38:50,80,3335,0
07:39:00,80,3334,0
07:39:10,77,3328,0
07:39:20,77,3325,0
07:39:30,79,3329,0
07:39:40,82,3326,0
07:39:50,84,3325,0
07:40:00,86,3323,0
07:40:10,87,3340,0
07:40:20,81,3357,0
07:40:30,76,3360,0
07:40:40,78,3365,0
07:40:50,76,3368,0
07:41:00,78,3372,0
07:41:10,80,3371,0
07:41:20,80,3370,1
07:41:30,78,3375,0
07:41:40,73,3372,1
07:41:50,78,3371,0
07:42:00,78,3373,0
07:42:10,81,3369,0
07:42:20,79,3377,0
07:42:30,79,3374,0
07:42:40,79,3372,0
07:42:50,79,3371,0
07:43:00,79,3375,0
07:43:10,75,3377,0
07:43:20,76,3381,1
07:43:30,74,3379,1
07:43:40,81,3384,1
07:43:50,83,3383,0
07:44:00,80,3383,0
07:44:10,79,3383,0
07:44:20,78,3389,0
07:44:30,80,3394,0
07:44:40,85,3387,1
07:44:50,92,3391,0
07:45:00,96,3385,1
07:45:10,102,3386,1
07:45:20,88,3397,1
07:45:30,86,3394,0
07:45:40,87,3394,0
07:45:50,84,3389,1
07:46:00,82,3388,1
07:46:10,81,3385,1
07:46:20,75,3347,1
07:46:30,75,3356,1
07:46:40,77,3330,1
07:46:50,91,3327,0
07:47:00,90,3312,0
07:47:10,82,3300,0
07:47:20,70,3286,0
07:47:30,68,3275,0
07:47:40,70,3265,0
07:47:50,69,3260,0
07:48:00,69,3248,0
07:48:10,71,3241,0
07:48:20,72,3234,0
07:48:30,69,3223,0
07:48:40,68,3226,0
07:48:50,68,3227,0
07:49:00,67,3224,0
07:49:10,65,3222,0
07:49:20,66,3217,0
07:49:30,66,3219,0
07:49:40,65,3248,0
07:49:50,66,3267,0
07:50:00,0,3270,0
07:50:10,66,3277,0
07:50:20,66,3282,0
07:50:30,67,3276,0
07:50:40,73,3272,0
07:50:50,68,3276,0
07:51:00,66,3275,0
07:51:10,66,3279,0
07:51:20,66,3284,0
07:51:30,64,3285,0
07:51:40,66,3287,0
07:51:50,65,3289,0
07:52:00,66,3291,0
07:52:10,66,3290,0
07:52:20,66,3296,0
07:52:30,66,3298,0
07:52:40,65,3297,0
07:52:50,66,3299,0
07:53:00,68,3303,0
07:53:10,66,3303,0
07:53:20,66,3304,0
07:53:30,65,3305,0
07:53:40,66,3308,0
07:53:50,67,3307,0
07:54:00,67,3310,0
07:54:10,67,3310,0
07:54:20,68,3314,0
07:54:30,68,3321,1
07:54:40,75,3317,0
07:54:50,78,3315,0
07:55:00,76,3311,0
07:55:10,71,3316,0
07:55:20,66,3310,0
07:55:30,65,3311,0
07:55:40,65,3305,0
07:55:50,63,3305,0
07:56:00,64,3304,0
07:56:10,66,3314,0
07:56:20,65,3313,0
07:56:30,64,3310,0
07:56:40,66,3308,0
07:56:50,65,3307,0
07:57:00,64,3307,0
07:57:10,65,3309,0
07:57:20,67,3313,0
07:57:30,68,3319,0
07:57:40,67,3317,0
07:57:50,71,3322,0
07:58:00,70,3321,0
07:58:10,68,3320,0
07:58:20,64,3318,0
07:58:30,65,3309,1
07:58:40,71,3322,0
07:58:50,75,3318,0
07:59:00,73,3315,0
07:59:10,73,3324,0
07:59:20,73,3317,0
07:59:30,69,3322,0
07:59:40,68,3330,0
07:59:50,67,3327,0
08:00:00,75,3333,0
08:00:10,73,3339,0
08:00:20,68,3345,0
08:00:30,67,3348,0
08:00:40,68,3347,0
08:00:50,67,3353,0
08:01:00,67,3354,0
08:01:10,67,3352,1
08:01:20,70,3351,0
08:01:30,76,3359,0
08:01:40,77,3364,0
08:01:50,70,3368,0
08:02:00,68,3367,0
08:02:10,66,3370,0
08:02:20,67,3376,0
08:02:30,67,3374,0
08:02:40,67,3383,0
08:02:50,66,3387,0
08:03:00,67,3392,0
08:03:10,66,3392,0
08:03:20,66,3393,0
08:03:30,67,3396,0
08:03:40,68,3398,0
08:03:50,66,3399,0
08:04:00,67,3402,0
08:04:10,65,3403,0
08:04:20,65,3406,0
08:04:30,64,3410,0
08:04:40,63,3417,0
08:04:50,64,3423,0
08:05:00,66,3426,0
08:05:10,66,3429,0
08:05:20,67,3435,0
08:05:30,63,3435,0
08:05:40,67,3413,0
08:05:50,81,3395,0
08:06:00,71,3386,0
08:06:10,68,3387,0
08:06:20,69,3392,1
08:06:30,75,3368,0
08:06:40,94,3358,1
08:06:50,83,3367,1
08:07:00,76,3330,1
08:07:10,77,3288,1
08:07:20,76,3281,1
08:07:30,96,3301,1
08:07:40,81,3300,1
08:07:50,75,3302,1
08:08:00,81,3276,1
08:08:10,77,3275,1
08:08:20,80,3264,1
08:08:30,79,3255,1
08:08:40,80,3262,1
08:08:50,86,3254,1
08:09:00,87,3296,1
08:09:10,86,3303,1
08:09:20,88,3295,0
08:09:30,89,3293,1
08:09:40,88,3306,1
08:09:50,92,3287,1
08:10:00,88,3272,1
08:10:10,91,3265,1
08:10:20,95,3262,1
08:10:30,89,3257,1
08:10:40,88,3248,1
08:10:50,89,3274,1
08:11:00,92,3285,1
08:11:10,98,3266,1
08:11:20,96,3253,0
08:11:30,94,3234,1
08:11:40,90,3254,1
08:11:50,86,3262,1
08:12:00,85,3264,1
08:12:10,84,3276,1
08:12:20,82,3258,1
08:12:30,75,3269,1
08:12:40,73,3268,0
08:12:50,109,3275,1
08:13:00,110,3323,1
08:13:10,98,3305,1
08:13:20,96,3301,1
08:13:30,91,3283,1
08:13:40,100,3280,1
08:13:50,89,3279,1
08:14:00,81,3286,0
08:14:10,78,3282,1
08:14:20,75,3290,1
08:14:30,74,3286,0
08:14:40,70,3269,0
08:14:50,69,3259,1
08:15:00,67,3239,1
08:15:10,78,3239,1
08:15:20,67,3278,1
08:15:30,60,3247,1
08:15:40,59,3238,1
08:15:50,60,3201,1
08:16:00,60,3227,1
08:16:10,61,3235,1
08:16:20,60,3278,1
08:16:30,79,3276,1
08:16:40,81,3277,1
08:16:50,82,3288,1
08:17:00,82,3284,1
08:17:10,105,3282,1
08:17:20,113,3275,1
08:17:30,106,3278,1
08:17:40,86,3279,1
08:17:50,78,3234,1
08:18:00,76,3207,1
08:18:10,84,3183,1
08:18:20,109,3180,1
08:18:30,108,3162,1
08:18:40,117,3151,1
08:18:50,98,3139,1
08:19:00,89,3124,1
08:19:10,82,3108,1
08:19:20,76,3109,1
08:19:30,75,3105,1
08:19:40,74,3096,1
08:19:50,77,3093,1
08:20:00,78,3088,1
08:20:10,79,3085,1
08:20:20,83,3060,1
08:20:30,83,3043,1
08:20:40,83,3043,1
08:20:50,84,3035,1
08:21:00,92,3027,1
08:21:10,92,3029,1
08:21:20,83,3029,1
08:21:30,76,3015,1
08:21:40,74,3007,1
08:21:50,74,3006,1
08:22:00,76,3017,1
08:22:10,74,3014,1
08:22:20,78,2998,0
08:22:30,82,2987,1
08:22:40,82,2977,0
08:22:50,85,2963,0
08:23:00,85,2938,1
08:23:10,81,2970,0
08:23:20,87,2985,1
08:23:30,94,2996,1
08:23:40,87,2986,1
08:23:50,106,2927,1
08:24:00,115,2934,1
08:24:10,120,2891,1
08:24:20,123,2890,1
08:24:30,118,2908,1
08:24:40,83,2907,1
08:24:50,75,2916,1
08:25:00,72,2916,1
08:25:10,76,2884,1
08:25:20,78,2872,1
08:25:30,76,2864,1
08:25:40,71,2884,1
08:25:50,70,2877,1
08:26:00,71,2858,1
08:26:10,72,2857,1
08:26:20,77,2844,1
08:26:30,81,2847,1
08:26:40,79,2861,1
08:26:50,82,2866,1
08:27:00,78,2870,1
08:27:10,79,2877,1
08:27:20,79,2884,1
08:27:30,79,2887,1
08:27:40,77,2899,1
08:27:50,74,2896,1
08:28:00,78,2897,1
08:28:10,79,2895,1
08:28:20,81,2888,1
08:28:30,85,2896,1
08:28:40,84,2894,1
08:28:50,84,2894,1
08:29:00,87,2888,1
08:29:10,83,2887,1
08:29:20,83,2884,1
08:29:30,81,2878,1
08:29:40,79,2867,1
08:29:50,78,2864,1
08:30:00,79,2872,1
08:30:10,90,2872,1
08:30:20,106,2869,1
08:30:30,105,2869,1
08:30:40,106,2872,1
08:30:50,84,2882,1
08:31:00,89,2876,1
08:31:10,90,2886,1
08:31:20,90,2884,1
08:31:30,104,2902,1
08:31:40,100,2902,1
08:31:50,91,2889,1
08:32:00,88,2911,1
08:32:10,81,2898,1
08:32:20,103,2891,1
08:32:30,90,2903,1
08:32:40,94,2901,1
08:32:50,109,2892,1
08:33:00,111,2883,1
08:33:10,104,2886,1
08:33:20,103,2868,1
08:33:30,86,2873,1
08:33:40,81,2846,0
08:33:50,83,2802,1
08:34:00,69,2803,1
08:34:10,68,2803,1
08:34:20,72,2836,1
08:34:30,74,2843,1
08:34:40,87,2866,1
08:34:50,86,2876,1
08:35:00,105,2853,1
08:35:10,110,2803,1
08:35:20,113,2744,1
08:35:30,113,2735,1
08:35:40,111,2728,1
08:35:50,101,2709,1
08:36:00,92,2701,1
08:36:10,64,2712,1
08:36:20,71,2800,0
08:36:30,81,2821,1
08:36:40,87,2840,1
08:36:50,87,2846,0
08:37:00,85,2865,1
08:37:10,85,2874,1
08:37:20,93,2889,1
08:37:30,96,2890,1
08:37:40,101,2883,1
08:37:50,95,2898,1
08:38:00,87,2895,1
08:38:10,88,2893,0
08:38:20,82,2900,0
08:38:30,84,2901,0
08:38:40,86,2914,0
08:38:50,89,2913,0
08:39:00,90,2908,0
08:39:10,78,2905,0
08:39:20,76,2917,0
08:39:30,80,2921,0
08:39:40,86,2924,0
08:39:50,87,2926,0
08:40:00,86,2934,0
08:40:10,84,2941,0
08:40:20,88,3000,0
08:40:30,88,3020,0
08:40:40,87,3023,1
08:40:50,88,3017,0
08:41:00,87,3007,0
08:41:10,88,2999,0
08:41:20,87,2999,0
08:41:30,87,3003,0
08:41:40,85,2998,0
08:41:50,84,3000,0
08:42:00,84,3006,0
08:42:10,84,3010,0
08:42:20,82,3017,1
08:42:30,80,3024,0
08:42:40,83,3053,1
08:42:50,80,3095,1
08:43:00,77,3104,0
08:43:10,77,3111,1
08:43:20,77,3111,1
08:43:30,97,3152,0
08:43:40,87,3178,0
08:43:50,82,3193,0
08:44:00,82,3199,1
08:44:10,71,3191,0
08:44:20,79,3200,0
08:44:30,81,3197,1
08:44:40,86,3183,1
08:44:50,85,3168,0
08:45:00,78,3162,0
08:45:10,77,3154,0
08:45:20,82,3206,0
08:45:30,86,3187,0
08:45:40,85,3183,0
08:45:50,85,3182,0
08:46:00,85,3176,0
08:46:10,84,3183,0
08:46:20,86,3185,0
08:46:30,85,3180,0
08:46:40,87,3197,0
08:46:50,87,3190,1
08:47:00,93,3186,1
08:47:10,97,3220,1
08:47:20,100,3225,1
08:47:30,106,3234,1
08:47:40,113,3242,1
08:47:50,123,3239,1
08:48:00,125,3232,1
08:48:10,111,3235,1
08:48:20,112,3240,1
08:48:30,122,3244,1
08:48:40,120,3231,0
08:48:50,93,3230,0
08:49:00,90,3237,1
08:49:10,97,3238,1
08:49:20,100,3209,1
08:49:30,100,3222,1
08:49:40,93,3214,0
08:49:50,82,3207,0
08:50:00,83,3201,0
08:50:10,81,3198,0
08:50:20,79,3194,0
08:50:30,83,3193,0
08:50:40,90,3199,0
08:50:50,95,3200,0
08:51:00,95,3209,0
08:51:10,90,3210,0
08:51:20,86,3207,0
08:51:30,86,3207,0
08:51:40,85,3205,0
08:51:50,84,3209,0
08:52:00,81,3270,0
08:52:10,82,3248,0
08:52:20,82,3251,0
08:52:30,88,3259,1
08:52:40,83,3248,1
08:52:50,81,3245,1
08:53:00,80,3254,1
08:53:10,83,3254,0
08:53:20,82,3254,0
08:53:30,82,3258,0
08:53:40,84,3252,0
08:53:50,85,3246,0
08:54:00,79,3251,0
08:54:10,80,3260,0
08:54:20,83,3268,1
08:54:30,81,3288,0
08:54:40,81,3295,0
08:54:50,79,3303,0
08:55:00,78,3301,1
08:55:10,78,3297,0
08:55:20,80,3286,1
08:55:30,83,3329,0
08:55:40,80,3344,0
08:55:50,75,3326,1
08:56:00,76,3317,0
08:56:10,78,3307,0
08:56:20,79,3289,0
08:56:30,83,3274,0
08:56:40,83,3274,0
08:56:50,81,3318,0
08:57:00,82,3346,0
08:57:10,82,3357,0
08:57:20,82,3360,0
08:57:30,83,3361,0
08:57:40,82,3363,0
08:57:50,81,3361,0
08:58:00,81,3351,0
08:58:10,82,3333,0
08:58:20,82,3321,0
08:58:30,82,3311,0
08:58:40,86,3322,0
08:58:50,87,3310,1
08:59:00,86,3322,0
08:59:10,82,3325,0
08:59:20,80,3330,0
08:59:30,82,3323,0
08:59:40,84,3320,0
08:59:50,80,3313,0
09:00:00,79,3305,0
09:00:10,80,3300,0
09:00:20,81,3307,0
09:00:30,81,3320,0
09:00:40,83,3313,0
09:00:50,84,3310,0
09:01:00,85,3312,0
09:01:10,86,3316,1
09:01:20,87,3317,1
09:01:30,84,3310,0
09:01:40,83,3315,0
09:01:50,83,3304,0
09:02:00,82,3300,0
09:02:10,82,3297,0
09:02:20,81,3296,0
09:02:30,82,3297,0
09:02:40,81,3299,0
09:02:50,86,3296,1
09:03:00,85,3308,1
09:03:10,86,3333,0
09:03:20,86,3322,1
09:03:30,84,3314,0
09:03:40,84,3311,0
09:03:50,87,3325,1
09:04:00,85,3338,0
09:04:10,83,3340,1
09:04:20,84,3341,1
09:04:30,86,3340,0
09:04:40,84,3336,0
09:04:50,83,3331,0
09:05:00,83,3335,0
09:05:10,83,3335,0
09:05:20,85,3336,0
09:05:30,85,3337,0
09:05:40,86,3338,0
09:05:50,87,3337,0
09:06:00,87,3329,0
09:06:10,87,3326,1
09:06:20,85,3333,0
09:06:30,85,3326,0
09:06:40,85,3316,0
09:06:50,86,3314,0
09:07:00,86,3308,0
09:07:10,86,3316,0
09:07:20,87,3325,0
09:07:30,86,3317,0
09:07:40,86,3312,1
09:07:50,88,3313,1
09:08:00,89,3315,1
09:08:10,88,3315,0
09:08:20,86,3310,0
09:08:30,84,3304,0
09:08:40,85,3302,0
09:08:50,86,3298,0
09:09:00,86,3296,0
09:09:10,86,3306,0
09:09:20,85,3310,0
09:09:30,85,3324,0
09:09:40,88,3329,1
09:09:50,90,3325,0
09:10:00,92,3324,1
09:10:10,92,3330,0
09:10:20,92,3332,0
09:10:30,78,3333,0
09:10:40,77,3337,0
09:10:50,79,3335,0
09:11:00,81,3338,0
09:11:10,82,3341,0
09:11:20,84,3331,0
09:11:30,82,3319,0
09:11:40,84,3305,0
09:11:50,84,3321,0
09:12:00,84,3327,0
09:12:10,81,3328,0
09:12:20,83,3314,0
09:12:30,85,3317,0
09:12:40,87,3308,0
09:12:50,86,3321,0
09:13:00,85,3310,0
09:13:10,88,3306,0
09:13:20,87,3290,0
09:13:30,87,3291,1
09:13:40,83,3280,1
09:13:50,84,3284,0
09:14:00,86,3278,0
09:14:10,85,3274,1
09:14:20,86,3270,1
09:14:30,85,3274,0
09:14:40,90,3290,1
09:14:50,88,3315,0
09:15:00,86,3322,0
09:15:10,86,3328,1
09:15:20,85,3332,0
09:15:30,85,3331,0
09:15:40,85,3310,0
09:15:50,89,3298,0
09:16:00,87,3289,0
09:16:10,86,3286,0
09:16:20,86,3278,0
09:16:30,85,3272,0
09:16:40,86,3277,0
09:16:50,85,3269,0
09:17:00,86,3269,0
09:17:10,85,3266,1
09:17:20,87,3260,1
09:17:30,83,3264,1
09:17:40,85,3273,0
09:17:50,84,3276,1
09:18:00,84,3281,0
09:18:10,86,3277,0
09:18:20,86,3271,0
09:18:30,86,3270,0
09:18:40,86,3264,0
09:18:50,86,3269,0
09:19:00,85,3268,0
09:19:10,84,3266,1
09:19:20,84,3270,0
09:19:30,86,3259,1
09:19:40,88,3257,0
09:19:50,87,3252,0
09:20:00,83,3246,0
09:20:10,88,3252,0
09:20:20,83,3264,0
09:20:30,82,3263,0
09:20:40,77,3258,0
09:20:50,78,3257,0
09:21:00,82,3261,0
09:21:10,84,3256,0
09:21:20,84,3252,0
09:21:30,83,3260,0
09:21:40,80,3250,1
09:21:50,84,3248,1
09:22:00,83,3240,1
09:22:10,86,3247,0
09:22:20,84,3253,1
09:22:30,83,3264,1
09:22:40,80,3252,0
09:22:50,80,3250,1
09:23:00,80,3262,0
09:23:10,83,3253,0
09:23:20,85,3253,0
09:23:30,80,3258,0
09:23:40,79,3247,0
09:23:50,84,3249,0
09:24:00,87,3259,1
09:24:10,86,3253,0
09:24:20,82,3269,1
09:24:30,85,3263,0
09:24:40,82,3254,0
09:24:50,81,3257,0
09:25:00,76,3242,1
09:25:10,78,3233,0
09:25:20,84,3247,0
09:25:30,84,3242,0
09:25:40,82,3232,0
09:25:50,79,3234,0
09:26:00,81,3232,1
09:26:10,80,3236,0
09:26:20,81,3243,0
09:26:30,82,3230,0
09:26:40,79,3232,0
09:26:50,73,3214,0
09:27:00,72,3201,0
09:27:10,76,3193,1
09:27:20,80,3218,0
09:27:30,83,3201,0
09:27:40,82,3187,0
09:27:50,82,3170,0
09:28:00,81,3169,0
09:28:10,80,3185,0
09:28:20,80,3173,0
09:28:30,79,3173,1
09:28:40,84,3180,1
09:28:50,85,3177,0
09:29:00,82,3170,0
09:29:10,85,3157,0
09:29:20,81,3150,0
09:29:30,79,3166,0
09:29:40,78,3151,0
09:29:50,70,3133,1
09:30:00,76,3136,0
09:30:10,79,3128,1
09:30:20,82,3154,0
09:30:30,81,3158,0
09:30:40,80,3154,1
09:30:50,81,3143,0
09:31:00,82,3137,0
09:31:10,82,3133,0
09:31:20,80,3131,0
09:31:30,83,3139,0
09:31:40,85,3153,1
09:31:50,84,3155,0
09:32:00,87,3167,0
09:32:10,88,3155,0
09:32:20,87,3157,0
09:32:30,88,3145,1
09:32:40,81,3150,0
09:32:50,81,3180,1
09:33:00,83,3176,1
09:33:10,84,3172,1
09:33:20,84,3171,1
09:33:30,79,3166,1
09:33:40,86,3172,1
09:33:50,87,3168,1
09:34:00,99,3159,1
09:34:10,110,3171,1
09:34:20,111,3170,1
09:34:30,110,3173,1
09:34:40,104,3178,1
09:34:50,106,3179,1
09:35:00,99,3177,1
09:35:10,90,3167,1
09:35:20,97,3169,1
09:35:30,100,3180,1
09:35:40,113,3177,0
09:35:50,114,3173,0
09:36:00,99,3171,0
09:36:10,88,3166,0
09:36:20,80,3179,1
09:36:30,77,3176,1
09:36:40,74,3181,1
09:36:50,82,3177,1
09:37:00,90,3176,1
09:37:10,86,3179,0
09:37:20,90,3187,0
09:37:30,89,3193,1
09:37:40,94,3186,1
09:37:50,84,3184,1
09:38:00,82,3171,0
09:38:10,78,3158,0
09:38:20,78,3152,0
09:38:30,81,3154,0
09:38:40,85,3162,0
09:38:50,88,3175,0
09:39:00,89,3191,1
09:39:10,90,3198,0
09:39:20,90,3185,1
09:39:30,86,3151,0
09:40:00,83,3146,1
09:40:10,82,3140,1
09:40:20,88,3154,0
09:40:30,92,3149,0
09:40:40,86,3127,1
09:40:50,80,3138,0
09:41:00,66,3134,0
09:41:10,60,3113,1
09:41:20,74,3103,1
09:41:30,90,3098,0
09:41:40,93,3072,0
09:41:50,92,3049,0
09:42:00,97,3039,1
09:42:10,84,3030,1
09:42:20,87,2999,0
09:42:30,85,2988,0
09:42:40,74,2963,0
09:42:50,73,2990,1
09:43:00,85,2990,0
09:43:10,84,2987,0
09:43:20,89,2986,0
09:43:30,88,3002,0
09:43:40,87,3007,0
09:43:50,87,3013,0
09:44:00,89,3015,0
09:44:10,92,3022,0
09:44:20,86,3023,0
09:44:30,84,3023,0
09:44:40,86,3026,1
09:44:50,88,3026,0
09:45:00,90,3024,1
09:45:10,94,3024,1
09:45:20,94,3024,1
09:45:30,96,3020,1
09:45:40,96,3021,1
09:45:50,94,3020,0
09:46:00,93,3024,1
09:46:10,98,3008,1
09:46:20,94,2998,1
09:46:30,111,3022,1
09:46:40,102,3035,1
09:46:50,86,3039,1
09:47:00,87,3040,1
09:47:10,79,3045,0
09:47:20,76,3048,0
09:47:30,75,3053,1
09:47:40,76,3040,1
09:47:50,75,3036,1
09:48:00,74,3040,1
09:48:10,77,3037,1
09:48:20,76,3033,0
09:48:30,81,3039,0
09:48:40,77,3036,0
09:48:50,77,3032,0
09:49:00,78,3036,0
09:49:10,79,3028,1
09:49:20,80,3031,1
09:49:30,82,3029,0
09:49:40,84,3021,1
09:49:50,84,3038,1
09:50:00,86,3050,0
09:50:10,89,3045,0
09:50:20,83,3041,0
09:50:30,82,3044,0
09:50:40,80,3042,0
09:50:50,77,3038,0
09:51:00,77,3031,1
09:51:10,81,3021,1
09:51:20,83,3006,1
09:51:30,84,3001,1
09:51:40,85,2996,1
09:51:50,90,2994,1
09:52:00,99,2992,1
09:52:10,100,2990,1
09:52:20,104,2980,1
09:52:30,108,2985,1
09:52:40,113,2967,1
09:52:50,116,2970,1
09:53:00,116,2944,1
09:53:10,110,2904,1
09:53:20,108,2897,1
09:53:30,105,2884,1
09:53:40,103,2850,1
09:53:50,99,2831,1
09:54:00,86,2865,1
09:54:10,101,2892,1
09:54:20,113,2908,1
09:54:30,122,2923,1
09:54:40,99,2937,1
09:54:50,105,2944,1
09:55:00,101,2945,1
09:55:10,105,2947,1
09:55:20,100,2952,1
09:55:30,95,2949,1
09:55:40,114,2948,1
09:55:50,104,2953,1
09:56:00,89,2956,1
09:56:10,99,2959,1
09:56:20,118,2967,1
09:56:30,115,2962,1
09:56:40,103,2963,1
09:56:50,102,2951,1
09:57:00,98,2945,0
09:57:10,94,2940,1
09:57:20,95,2943,1
09:57:30,82,2940,1
09:57:40,86,2969,0
09:57:50,83,2956,1
09:58:00,85,2966,1
09:58:10,93,892,1
09:58:20,255,65535,255
09:58:30,255,65535,255
09:58:40,255,65535,255
09:58:50,255,65535,255
09:59:00,255,65535,255
09:59:10,93,2808,1
09:59:20,93,2788,1
09:59:30,255,65535,255
09:59:40,255,65535,255
09:59:50,255,65535,255

