13:25:00,175,2696,0
13:25:10,171,2708,1
13:25:20,171,2810,1
13:25:30,255,65535,255
13:25:40,255,65535,255
13:25:50,255,65535,255
13:26:00,255,65535,255
13:26:10,255,65535,255
13:26:20,255,65535,255
13:26:30,255,65535,255
13:26:40,255,65535,255
13:26:50,255,65535,255
13:27:00,255,65535,255
13:27:10,255,65535,255
13:27:20,255,65535,255
13:27:30,255,65535,255
13:27:40,255,65535,255
13:27:50,255,65535,255
13:28:00,255,65535,255
13:28:10,255,65535,255
13:28:20,255,65535,255
13:28:30,255,65535,255
13:28:40,255,65535,255
13:28:50,255,65535,255
13:29:00,255,65535,255
13:29:10,255,65535,255
13:29:20,255,65535,255
13:29:30,255,65535,255
13:29:40,255,65535,255
13:29:50,255,65535,255
13:30:00,255,65535,255
13:30:10,255,65535,255
13:30:20,255,65535,255
13:30:30,255,65535,255
13:30:40,255,65535,255
13:30:50,255,65535,255
13:31:00,255,65535,255
13:31:10,255,65535,255
13:31:20,255,65535,255
13:31:30,255,65535,255
13:31:40,255,65535,255
13:31:50,255,65535,255
13:32:00,255,65535,255
13:32:10,255,65535,255
13:32:20,255,65535,255
13:32:30,255,65535,255
13:32:40,255,65535,255
13:32:50,255,65535,255
13:33:00,255,65535,255
13:33:10,255,65535,255
13:33:20,255,65535,255
13:33:30,255,65535,255
13:33:40,255,65535,255
13:33:50,255,65535,255
13:34:00,255,65535,255
13:34:10,255,65535,255
13:34:20,255,65535,255
13:34:30,255,65535,255
13:34:40,255,65535,255
13:34:50,255,65535,255
13:35:00,255,65535,255
13:35:10,255,65535,255
13:35:20,255,65535,255
13:35:30,255,65535,255
13:35:40,255,65535,255
13:35:50,255,65535,255
13:36:00,255,65535,255
13:36:10,255,65535,255
13:36:20,255,65535,255
13:36:30,255,65535,255
13:36:40,255,65535,255
13:36:50,255,65535,255
13:37:00,255,65535,255
13:37:10,255,65535,255
13:37:20,255,65535,255
13:37:30,255,65535,255
13:37:40,255,65535,255
13:37:50,255,65535,255
13:38:00,255,65535,255
13:38:10,255,65535,255
13:38:20,255,65535,255
13:38:30,255,65535,255
13:38:40,255,65535,255
13:38:50,255,65535,255
13:39:00,255,65535,255
13:39:10,255,65535,255
13:39:20,255,65535,255
13:39:30,255,65535,255
13:39:40,255,65535,255
13:39:50,255,65535,255
13:40:00,255,65535,255
13:40:10,255,65535,255
13:40:20,255,65535,255
13:40:30,255,65535,255
13:40:40,255,65535,255
13:40:50,255,65535,255
13:41:00,255,65535,255
13:41:10,255,65535,255
13:41:20,255,65535,255
13:41:30,255,65535,255
13:41:40,255,65535,255
13:41:50,255,65535,255
13:42:00,255,65535,255
13:42:10,255,65535,255
13:42:20,255,65535,255
13:42:30,255,65535,255
13:42:40,255,65535,255
13:42:50,255,65535,255
13:43:00,255,65535,255
13:43:10,255,65535,255
13:43:20,255,65535,255
13:43:30,255,65535,255
13:43:40,255,65535,255
13:43:50,255,65535,255
13:44:00,255,65535,255
13:44:10,255,65535,255
13:44:20,255,65535,255
13:44:30,255,65535,255
13:44:40,255,65535,255
13:44:50,255,65535,255
13:45:00,255,65535,255
13:45:10,255,2869,1
13:45:20,255,3064,1
13:45:30,255,3181,1
13:45:40,255,3253,1
13:45:50,255,3292,1
13:46:00,74,3274,0
13:46:10,80,3276,0
13:46:20,81,3277,0
13:46:30,81,3263,1
13:46:40,81,3289,0
13:46:50,79,3293,0
13:47:00,77,3291,0
13:47:10,79,3296,0
13:47:20,76,3304,0
13:47:30,75,3307,0
13:47:40,80,3308,0
13:47:50,79,3310,0
13:48:00,80,3313,0
13:48:10,79,3312,1
13:48:20,78,3312,0
13:48:30,78,3314,0
13:48:40,79,3308,0
13:48:50,78,3304,0
13:49:00,78,3309,0
13:49:10,78,3308,0
13:49:20,79,3308,0
13:49:30,82,3315,1
13:49:40,86,3317,1
13:49:50,84,3314,1
13:50:00,83,3291,0
13:50:10,82,3311,1
13:50:20,83,3306,0
13:50:30,79,3303,0
13:50:40,78,3301,0
13:50:50,79,3302,0
13:51:00,78,3305,0
13:51:10,79,3305,0
13:51:20,81,3326,1
13:51:30,80,3338,0
13:51:40,82,3340,1
13:51:50,84,3348,1
13:52:00,85,3351,0
13:52:10,88,3353,1
13:52:20,92,3354,0
13:52:30,94,3359,0
13:52:40,87,3360,0
13:52:50,89,3363,0
13:53:00,84,3367,0
13:53:10,81,3367,0
13:53:20,78,3369,0
13:53:30,80,3371,0
13:53:40,78,3374,0
13:53:50,81,3375,0
13:54:00,83,3378,0
13:54:10,84,3376,0
13:54:20,79,3378,0
13:54:30,81,3379,0
13:54:40,79,3379,0
13:54:50,79,3380,0
13:55:00,80,3377,0
13:55:10,80,3372,1
13:55:20,81,3356,0
13:55:30,76,3352,0
13:55:40,77,3348,1
13:55:50,78,3347,0
13:56:00,81,3356,0
13:56:10,77,3356,0
13:56:20,76,3348,0
13:56:30,78,3346,0
13:56:40,75,3356,0
13:56:50,74,3364,1
13:57:00,92,3364,0
13:57:10,87,3370,0
13:57:20,79,3367,0
13:57:30,75,3349,0
13:57:40,76,3340,0
13:57:50,81,3337,0
13:58:00,83,3359,1
13:58:10,69,3372,0
13:58:20,74,3378,0
13:58:30,79,3384,1
13:58:40,76,3386,1
13:58:50,77,3389,1
13:59:00,73,3387,0
13:59:10,59,3385,1
13:59:20,58,3390,0
13:59:30,70,3392,0
13:59:40,78,3376,0
13:59:50,79,3370,0
14:00:00,79,3366,0
14:00:10,77,3361,0
14:00:20,77,3370,1
14:00:30,74,3380,1
14:00:40,73,3382,0
14:00:50,85,3376,0
14:01:00,79,3375,0
14:01:10,73,3370,0
14:01:20,75,3365,0
14:01:30,77,3359,0
14:01:40,78,3356,0
14:01:50,78,3361,0
14:02:00,78,3365,1
14:02:10,88,3352,0
14:02:20,78,3346,0
14:02:30,77,3349,0
14:02:40,75,3348,0
14:02:50,76,3348,0
14:03:00,75,3354,0
14:03:10,76,3353,0
14:03:20,78,3353,0
14:03:30,76,3352,0
14:03:40,76,3352,0
14:03:50,76,3351,0
14:04:00,77,3349,0
14:04:10,76,3349,0
14:04:20,76,3348,0
14:04:30,77,3352,0
14:04:40,77,3375,0
14:04:50,78,3363,0
14:05:00,79,3367,0
14:05:10,81,3367,0
14:05:20,84,3369,0
14:05:30,82,3394,0
14:05:40,82,3394,0
14:05:50,82,3389,0
14:06:00,77,3388,0
14:06:10,77,3375,0
14:06:20,77,3361,0
14:06:30,77,3358,0
14:06:40,73,3365,0
14:06:50,75,3365,0
14:07:00,75,3355,0
14:07:10,79,3346,0
14:07:20,78,3357,0
14:07:30,78,3352,0
14:07:40,79,3352,0
14:07:50,79,3348,0
14:08:00,79,3355,0
14:08:10,78,3350,0
14:08:20,73,3364,1
14:08:30,80,3359,0
14:08:40,83,3355,0
14:08:50,81,3356,0
14:09:00,79,3354,0
14:09:10,76,3352,0
14:09:20,76,3355,1
14:09:30,77,3361,1
14:09:40,83,3367,1
14:09:50,91,3378,0
14:10:00,74,3371,1
14:10:10,76,3376,1
14:10:20,80,3364,1
14:10:30,90,3370,1
14:10:40,102,3361,1
14:10:50,103,3384,1
14:11:00,110,3383,1
14:11:10,112,3381,1
14:11:20,136,3378,1
14:11:30,129,3373,1
14:11:40,135,3364,1
14:11:50,133,3356,1
14:12:00,123,3356,1
14:12:10,121,3351,1
14:12:20,118,3360,1
14:12:30,116,3361,1
14:12:40,118,3365,1
14:12:50,119,3366,1
14:13:00,117,3368,1
14:13:10,122,3370,1
14:13:20,113,3366,1
14:13:30,102,3365,1
14:13:40,100,3364,1
14:13:50,106,3362,1
14:14:00,113,3359,1
14:14:10,110,3360,1
14:14:20,120,3365,1
14:14:30,124,3364,1
14:14:40,125,3366,1
14:14:50,129,3363,1
14:15:00,124,3354,1
14:15:10,108,3352,1
14:15:20,90,3349,0
14:15:30,84,3348,1
14:15:40,83,3339,0
14:15:50,85,3326,0
14:16:00,87,3313,1
14:16:10,88,3307,1
14:16:20,78,3300,1
14:16:30,77,3286,1
14:16:40,65,3281,1
14:16:50,61,3266,1
14:17:00,86,3259,1
14:17:10,104,3243,1
14:17:20,112,3223,1
14:17:30,95,3222,1
14:17:40,84,3232,1
14:17:50,94,3245,1
14:18:00,99,3278,1
14:18:10,94,3288,1
14:18:20,88,3259,1
14:18:30,86,3272,1
14:18:40,83,3266,1
14:18:50,99,3263,1
14:19:00,112,3264,1
14:19:10,111,3265,1
14:19:20,110,3271,1
14:19:30,110,3257,1
14:19:40,115,3253,1
14:19:50,115,3240,1
14:20:00,120,3233,1
14:20:10,108,3239,1
14:20:20,81,3220,1
14:20:30,103,3228,1
14:20:40,119,3239,1
14:20:50,125,3249,1
14:21:00,121,3257,1
14:21:10,102,3260,1
14:21:20,75,3263,1
14:21:30,66,3260,1
14:21:40,91,3266,1
14:21:50,95,3267,1
14:22:00,111,3264,1
14:22:10,113,3263,1
14:22:20,108,3265,1
14:22:30,86,3260,1
14:22:40,87,3265,1
14:22:50,101,3269,1
14:23:00,98,3267,1
14:23:10,99,3264,1
14:23:20,99,3266,1
14:23:30,99,3265,1
14:23:40,101,3272,1
14:23:50,95,3281,1
14:24:00,86,3275,1
14:24:10,83,3281,0
14:24:20,87,3285,0
14:24:30,89,3287,1
14:24:40,88,3282,1
14:24:50,87,3283,0
14:25:00,84,3277,1
14:25:10,79,3267,1
14:25:20,84,3258,1
14:25:30,95,3271,1
14:25:40,90,3264,1
14:25:50,86,3263,1
14:26:00,93,3265,0
14:26:10,93,3267,0
14:26:20,91,3268,0
14:26:30,91,3265,1
14:26:40,90,3267,1
14:26:50,86,3267,1
14:27:00,89,3276,0
14:27:10,90,3278,0
14:27:20,88,3280,0
14:27:30,88,3285,0
14:27:40,81,3286,0
14:27:50,80,3288,0
14:28:00,79,3291,0
14:28:10,75,3297,1
14:28:20,80,3299,1
14:28:30,78,3295,1
14:28:40,90,3302,1
14:28:50,97,3301,1
14:29:00,94,3293,1
14:29:10,99,3298,1
14:29:20,99,3302,1
14:29:30,101,3302,1
14:29:40,91,3303,1
14:29:50,87,3299,1
14:30:00,89,3268,1
14:30:10,103,3271,1
14:30:20,112,3283,1
14:30:30,109,3277,1
14:30:40,103,3278,1
14:30:50,89,3275,1
14:31:00,88,3278,1
14:31:10,89,3284,1
14:31:20,87,3284,1
14:31:30,90,3290,1
14:31:40,97,3294,1
14:31:50,97,3301,1
14:32:00,97,3303,1
14:32:10,91,3296,1
14:32:20,105,3279,1
14:32:30,104,3297,1
14:32:40,97,3291,0
14:32:50,89,3298,1
14:33:00,78,3296,1
14:33:10,80,3284,1
14:33:20,91,3295,1
14:33:30,89,3297,1
14:33:40,87,3296,1
14:33:50,85,3277,1
14:34:00,82,3276,1
14:34:10,94,3264,1
14:34:20,91,3259,1
14:34:30,85,3263,1
14:34:40,83,3266,1
14:34:50,85,3272,1
14:35:00,85,3273,1
14:35:10,87,3265,1
14:35:20,87,3252,1
14:35:30,87,3256,1
14:35:40,90,3256,1
14:35:50,84,3264,1
14:36:00,92,3266,1
14:36:10,97,3264,1
14:36:20,87,3258,1
14:36:30,86,3262,1
14:36:40,87,3266,1
14:36:50,85,3278,1
14:37:00,86,3284,1
14:37:10,82,3280,1
14:37:20,79,3283,1
14:37:30,85,3280,1
14:37:40,85,3270,1
14:37:50,83,3264,1
14:38:00,84,3267,1
14:38:10,82,3268,1
14:38:20,81,3268,1
14:38:30,81,3274,1
14:38:40,81,3275,1
14:38:50,87,3283,1
14:39:00,90,3278,1
14:39:10,93,3269,1
14:39:20,89,3269,1
14:39:30,89,3285,1
14:39:40,90,3282,1
14:39:50,90,3283,1
14:40:00,98,3282,1
14:40:10,85,3280,1
14:40:20,87,3278,1
14:40:30,84,3286,1
14:40:40,85,3270,1
14:40:50,100,3281,1
14:41:00,93,3280,1
14:41:10,90,3282,1
14:41:20,88,3286,1
14:41:30,89,3302,1
14:41:40,102,3299,0
14:41:50,80,3301,0
14:42:00,75,3307,0
14:42:10,74,3314,0
14:42:20,73,3320,0
14:42:30,74,3319,0
14:42:40,74,3320,0
14:42:50,77,3329,0
14:43:00,78,3333,1
14:43:10,78,3323,1
14:43:20,90,3331,1
14:43:30,95,3334,1
14:43:40,91,3334,1
14:43:50,94,3352,1
14:44:00,102,3350,1
14:44:10,109,3348,1
14:44:20,115,3362,1
14:44:30,116,3351,1
14:44:40,109,3346,1
14:44:50,98,3353,0
14:45:00,95,3348,1
14:45:10,95,3342,0
14:45:20,84,3339,1
14:45:30,82,3351,1
14:45:40,87,3355,1
14:45:50,87,3360,0
14:46:00,86,3367,0
14:46:10,84,3367,0
14:46:20,88,3371,0
14:46:30,85,3372,0
14:46:40,87,3374,0
14:46:50,89,3372,0
14:47:00,85,3374,0
14:47:10,82,3383,1
14:47:20,83,3383,1
14:47:30,85,3407,0
14:47:40,88,3416,1
14:47:50,82,3421,0
14:48:00,78,3423,0
14:48:10,78,3422,1
14:48:20,79,3404,1
14:48:30,84,3415,0
14:48:40,85,3420,0
14:48:50,88,3416,1
14:49:00,90,3414,0
14:49:10,90,3418,0
14:49:20,88,3418,1
14:49:30,89,3430,1
14:49:40,101,3439,1
14:49:50,103,3444,1
14:50:00,97,3449,1
14:50:10,94,3452,1
14:50:20,82,3434,1
14:50:30,83,3389,1
14:50:40,88,3368,1
14:50:50,92,3394,1
14:51:00,103,3396,1
14:51:10,107,3397,1
14:51:20,104,3405,1
14:51:30,103,3389,1
14:51:40,109,3385,1
14:51:50,109,3379,1
14:52:00,118,3378,1
14:52:10,114,3378,1
14:52:20,121,3378,1
14:52:30,125,3380,1
14:52:40,104,3372,1
14:52:50,98,3333,0
14:53:00,90,3280,0
14:53:10,75,3271,0
14:53:20,73,3248,0
14:53:30,74,3250,0
14:53:40,76,3253,1
14:53:50,76,3252,0
14:54:00,65,3254,0
14:54:10,70,3253,0
14:54:20,74,3250,0
14:54:30,78,3283,0
14:54:40,79,3294,0
14:54:50,76,3283,0
14:55:00,78,3329,1
14:55:10,80,3367,0
14:55:20,82,3368,0
14:55:30,78,3375,0
14:55:40,74,3387,0
14:55:50,72,3350,0
14:56:00,71,3328,0
14:56:10,74,3311,0
14:56:20,76,3356,0
14:56:30,77,3349,1
14:56:40,80,3332,0
14:56:50,79,3318,0
14:57:00,77,3369,0
14:57:10,76,3378,0
14:57:20,77,3386,0
14:57:30,80,3354,0
14:57:40,76,3330,0
14:57:50,77,3312,1
14:58:00,76,3310,1
14:58:10,69,3316,0
14:58:20,73,3289,0
14:58:30,78,3272,0
14:58:40,83,3299,0
14:58:50,80,3303,0
14:59:00,80,3264,0
14:59:10,75,3236,0
14:59:20,75,3196,0
14:59:30,76,3184,0
14:59:40,77,3159,0
14:59:50,76,3152,0
15:00:00,78,3130,0
15:00:10,81,3116,0
15:00:20,82,3171,0
15:00:30,79,3193,0
15:00:40,79,3206,0
15:00:50,81,3213,0
15:01:00,79,3218,0
15:01:10,76,3236,0
15:01:20,76,3238,0
15:01:30,76,3240,0
15:01:40,74,3245,0
15:01:50,71,3244,0
15:02:00,73,3248,0
15:02:10,76,3242,0
15:02:20,77,3239,0
15:02:30,74,3237,0
15:02:40,71,3236,0
15:02:50,73,3238,0
15:03:00,74,3237,0
15:03:10,75,3229,0
15:03:20,75,3226,1
15:03:30,74,3248,0
15:03:40,72,3234,0
15:03:50,72,3246,0
15:04:00,73,3234,1
15:04:10,76,3208,0
15:04:20,72,3231,0
15:04:30,79,3242,0
15:04:40,84,3217,1
15:04:50,87,3224,0
15:05:00,78,3211,0
15:05:10,76,3216,0
15:05:20,77,3211,0
15:05:30,79,3207,0
15:05:40,76,3208,1
15:05:50,75,3243,1
15:06:00,78,3249,0
15:06:10,87,3247,1
15:06:20,83,3239,1
15:06:30,84,3243,1
15:06:40,86,3254,0
15:06:50,85,3257,0
15:07:00,84,3262,0
15:07:10,84,3267,0
15:07:20,98,3267,1
15:07:30,84,3272,1
15:07:40,84,3275,1
15:07:50,84,3270,1
15:08:00,81,3260,1
15:08:10,92,3269,1
15:08:20,104,3250,1
15:08:30,89,3241,1
15:08:40,87,3237,1
15:08:50,89,3256,1
15:09:00,88,3250,1
15:09:10,76,3237,0
15:09:20,100,3254,1
15:09:30,101,3261,1
15:09:40,101,3266,0
15:09:50,103,3248,1
15:10:00,89,3270,0
15:10:10,85,3251,0
15:10:20,89,3231,0
15:10:30,85,3224,0
15:10:40,80,3215,0
15:10:50,76,3209,0
15:11:00,75,3224,0
15:11:10,75,3226,0
15:11:20,76,3211,1
15:11:30,77,3217,1
15:11:40,73,3208,0
15:11:50,77,3191,0
15:12:00,78,3188,0
15:12:10,77,3219,1
15:12:20,79,3241,0
15:12:30,80,3247,1
15:12:40,78,3240,0
15:12:50,71,3234,1
15:13:00,67,3225,1
15:13:10,77,3213,0
15:13:20,80,3250,1
15:13:30,80,3262,1
15:13:40,77,3261,0
15:13:50,73,3238,0
15:14:00,76,3219,0
15:14:10,77,3223,1
15:14:20,79,3203,0
15:14:30,77,3196,0
15:14:40,79,3222,0
15:14:50,77,3213,0
15:15:00,78,3196,0
15:15:10,77,3187,0
15:15:20,80,3223,1
15:15:30,85,3198,0
15:15:40,89,3191,0
15:15:50,85,3209,1
15:16:00,84,3219,0
15:16:10,83,3215,1
15:16:20,79,3202,0
15:16:30,78,3193,1
15:16:40,79,3173,0
15:16:50,78,3180,0
15:17:00,78,3179,0
15:17:10,79,3179,0
15:17:20,80,3184,0
15:17:30,78,3181,0
15:17:40,84,3186,0
15:17:50,82,3192,1
15:18:00,82,3186,0
15:18:10,76,3204,1
15:18:20,76,3173,1
15:18:30,77,3178,0
15:18:40,78,3159,0
15:18:50,82,3159,0
15:19:00,81,3162,0
15:19:10,78,3172,0
15:19:20,78,3176,0
15:19:30,79,3178,0
15:19:40,78,3177,0
15:19:50,77,3184,0
15:20:00,77,3195,0
15:20:10,80,3180,0
15:20:20,76,3165,1
15:20:30,77,3174,0
15:20:40,82,3174,0
15:20:50,90,3178,0
15:21:00,93,3200,1
15:21:10,88,3181,1
15:21:20,87,3170,0
15:21:30,77,3156,0
15:21:40,74,3149,0
15:21:50,74,3145,0
15:22:00,70,3138,0
15:22:10,70,3133,0
15:22:20,72,3129,0
15:22:30,74,3124,0
15:22:40,73,3116,1
15:22:50,76,3148,1
15:23:00,80,3182,0
15:23:10,75,3158,1
15:23:20,77,3161,1
15:23:30,75,3177,0
15:23:40,74,3207,0
15:23:50,74,3170,0
15:24:00,78,3163,0
15:24:10,82,3161,0
15:24:20,78,3206,0
15:24:30,78,3178,1
15:24:40,77,3181,1
15:24:50,84,3164,1
15:25:00,86,3173,1
15:25:10,87,3175,1
15:25:20,103,3176,1
15:25:30,100,3173,1
15:25:40,98,3176,1
15:25:50,84,3171,1
15:26:00,83,3167,1
15:26:10,89,3145,1
15:26:20,87,3124,0
15:26:30,81,3114,1
15:26:40,86,3172,0
15:26:50,79,3181,1
15:27:00,77,3194,0
15:27:10,80,3198,1
15:27:20,80,3199,1
15:27:30,80,3202,1
15:27:40,83,3194,1
15:27:50,98,3208,1
15:28:00,109,3212,1
15:28:10,108,3213,1
15:28:20,110,3219,1
15:28:30,117,3224,1
15:28:40,120,3221,1
15:28:50,118,3229,1
15:29:00,104,3235,1
15:29:10,101,3240,1
15:29:20,101,3244,1
15:29:30,99,3254,1
15:29:40,107,3256,1
15:29:50,90,3261,1
15:30:00,87,3266,1
15:30:10,84,3260,1
15:30:20,86,3270,1
15:30:30,85,3271,1
15:30:40,85,3275,1
15:30:50,84,3270,1
15:31:00,86,3279,1
15:31:10,90,3285,0
15:31:20,95,3292,0
15:31:30,100,3301,0
15:31:40,100,3303,1
15:31:50,93,3299,1
15:32:00,91,3306,1
15:32:10,86,3312,1
15:32:20,84,3316,1
15:32:30,80,3324,1
15:32:40,83,3328,1
15:32:50,83,3332,1
15:33:00,83,3339,1
15:33:10,85,3337,1
15:33:20,86,3341,1
15:33:30,83,3343,1
15:33:40,84,3347,1
15:33:50,83,3348,1
15:34:00,73,3349,1
15:34:10,74,3349,1
15:34:20,75,3349,1
15:34:30,77,3352,1
15:34:40,77,3349,1
15:34:50,83,3350,1
15:35:00,84,3349,1
15:35:10,102,3344,1
15:35:20,93,3347,1
15:35:30,80,3355,0
15:35:40,96,3357,1
15:35:50,93,3357,1
15:36:00,93,3359,1
15:36:10,83,3362,0
15:36:20,78,3360,1
15:36:30,78,3360,0
15:36:40,79,3357,0
15:36:50,83,3355,1
15:37:00,82,3356,1
15:37:10,83,3350,0
15:37:20,83,3349,1
15:37:30,81,3353,1
15:37:40,75,3354,1
15:37:50,89,3355,1
15:38:00,87,3344,1
15:38:10,89,3338,1
15:38:20,101,3337,1
15:38:30,95,3340,1
15:38:40,95,3324,0
15:38:50,97,3323,1
15:39:00,92,3317,1
15:39:10,93,3313,1
15:39:20,95,3312,0
15:39:30,93,3307,1
15:39:40,89,3306,1
15:39:50,91,3297,1
15:40:00,96,3295,1
15:40:10,96,3297,1
15:40:20,96,3293,1
15:40:30,100,3293,1
15:40:40,92,3290,1
15:40:50,85,3284,1
15:41:00,85,3283,1
15:41:10,93,3280,1
15:41:20,95,3277,1
15:41:30,94,3281,1
15:41:40,97,3281,1
15:41:50,92,3274,1
15:42:00,91,3289,1
15:42:10,88,3306,1
15:42:20,86,3310,1
15:42:30,89,3312,0
15:42:40,85,3316,1
15:42:50,85,3321,1
15:43:00,86,3320,0
15:43:10,86,3323,1
15:43:20,84,3322,1
15:43:30,86,3318,1
15:43:40,90,3326,1
15:43:50,91,3331,1
15:44:00,90,3322,1
15:44:10,88,3329,0
15:44:20,93,3336,1
15:44:30,96,3337,1
15:44:40,97,3347,1
15:44:50,88,3348,1
15:45:00,82,3347,1
15:45:10,74,3356,1
15:45:20,85,3357,0
15:45:30,87,3363,0
15:45:40,88,3364,0
15:45:50,87,3365,0
15:46:00,89,3371,0
15:46:10,86,3371,1
15:46:20,87,3377,0
15:46:30,90,3381,0
15:46:40,94,3386,0
15:46:50,93,3388,0
15:47:00,92,3386,1
15:47:10,90,3391,1
15:47:20,90,3395,1
15:47:30,94,3390,1
15:47:40,95,3390,1
15:47:50,95,3389,1
15:48:00,92,3393,1
15:48:10,91,3398,1
15:48:20,89,3406,1
15:48:30,90,3409,1
15:48:40,91,3420,1
15:48:50,97,3422,1
15:49:00,89,3422,1
15:49:10,82,3424,1
15:49:20,82,3427,1
15:49:30,84,3425,1
15:49:40,85,3422,1
15:49:50,83,3427,1
15:50:00,83,3425,1
15:50:10,80,3429,1
15:50:20,83,3429,1
15:50:30,81,3420,1
15:50:40,81,3417,1
15:50:50,79,3418,1
15:51:00,80,3408,1
15:51:10,82,3406,1
15:51:20,86,3393,1
15:51:30,83,3393,1
15:51:40,83,3384,1
15:51:50,99,3381,1
15:52:00,98,3371,1
15:52:10,89,3364,1
15:52:20,85,3362,1
15:52:30,85,3351,1
15:52:40,86,3346,1
15:52:50,85,3343,1
15:53:00,87,3338,1
15:53:10,89,3338,1
15:53:20,81,3333,1
15:53:30,94,3341,1
15:53:40,98,3332,1
15:53:50,94,3331,1
15:54:00,86,3328,1
15:54:10,85,3331,1
15:54:20,84,3332,1
15:54:30,93,3336,1
15:54:40,90,3338,1
15:54:50,82,3336,1
15:55:00,82,3334,1
15:55:10,84,3334,1
15:55:20,81,3331,1
15:55:30,86,3329,1
15:55:40,98,3326,1
15:55:50,99,3320,1
15:56:00,101,3317,1
15:56:10,91,3315,1
15:56:20,87,3307,1
15:56:30,91,3309,1
15:56:40,94,3270,1
15:56:50,92,3274,0
15:57:00,109,3262,1
15:57:10,109,3263,1
15:57:20,107,3255,1
15:57:30,100,3250,1
15:57:40,95,3238,1
15:57:50,100,3214,1
15:58:00,102,3196,1
15:58:10,103,3179,1
15:58:20,115,3151,1
15:58:30,121,3202,1
15:58:40,120,3201,0
15:58:50,105,3199,0
15:59:00,109,3171,1
15:59:10,92,3195,1
15:59:20,78,3213,1
15:59:30,74,3202,1
15:59:40,87,3252,0
15:59:50,111,3271,1
16:00:00,96,3277,1
16:00:10,91,3294,1
16:00:20,93,3303,1
16:00:30,94,3306,1
16:00:40,112,3307,1
16:00:50,103,3311,1
16:01:00,103,3310,1
16:01:10,103,3315,1
16:01:20,102,3320,1
16:01:30,101,3329,1
16:01:40,106,3331,1
16:01:50,105,3332,1
16:02:00,100,3332,1
16:02:10,91,3332,1
16:02:20,90,3331,1
16:02:30,90,3332,1
16:02:40,91,3338,1
16:02:50,85,3345,1
16:03:00,84,3344,1
16:03:10,85,3341,1
16:03:20,90,3339,1
16:03:30,88,3341,1
16:03:40,88,3343,1
16:03:50,90,3337,1
16:04:00,88,3336,1
16:04:10,98,3333,1
16:04:20,86,3330,1
16:04:30,84,3325,1
16:04:40,84,3320,1
16:04:50,87,3316,0
16:05:00,96,3311,1
16:05:10,102,3307,1
16:05:20,95,3305,1
16:05:30,102,3292,0
16:05:40,105,3278,0
16:05:50,98,3282,0
16:06:00,98,3275,1
16:06:10,101,3275,1
16:06:20,97,3278,1
16:06:30,96,3276,1
16:06:40,91,3272,0
16:06:50,88,3277,1
16:07:00,88,3273,1
16:07:10,104,3274,1
16:07:20,112,3273,1
16:07:30,118,3277,1
16:07:40,116,3273,0
16:07:50,118,3275,0
16:08:00,124,3284,1
16:08:10,127,3285,1
16:08:20,121,3287,1
16:08:30,100,3282,0
16:08:40,98,3279,1
16:08:50,100,3290,1
16:09:00,99,3297,1
16:09:10,100,3293,0
16:09:20,97,3285,0
16:09:30,96,3292,1
16:09:40,105,3300,1
16:09:50,92,3309,1
16:10:00,88,3312,1
16:10:10,88,3292,0
16:10:20,84,3307,1
16:10:30,89,3314,1
16:10:40,91,3317,1
16:10:50,92,3317,0
16:11:00,95,3302,1
16:11:10,98,1500,1
16:11:20,105,3315,1
16:11:30,102,3321,1
16:11:40,91,3328,1
16:11:50,90,3326,1
16:12:00,89,3334,1
16:12:10,84,3335,1
16:12:20,86,3331,1
16:12:30,89,3329,0
16:12:40,84,3330,0
16:12:50,83,3329,0
16:13:00,81,3331,0
16:13:10,79,3332,0
16:13:20,78,3331,0
16:13:30,79,3332,0
16:13:40,84,3327,0
16:13:50,84,3331,0
16:14:00,83,3330,0
16:14:10,81,3335,0
16:14:20,80,3337,0
16:14:30,81,3342,0
16:14:40,81,3338,0
16:14:50,87,3339,0
16:15:00,89,3335,0
16:15:10,87,3344,0
16:15:20,88,3344,0
16:15:30,83,3351,0
16:15:40,75,3350,0
16:15:50,74,3351,0
16:16:00,72,3352,0
16:16:10,72,3350,0
16:16:20,75,3354,0
16:16:30,77,3354,0
16:16:40,76,3357,0
16:16:50,78,3358,0
16:17:00,79,3359,0
16:17:10,80,3355,1
16:17:20,82,3361,0
16:17:30,85,3351,0
16:17:40,80,3354,1
16:17:50,80,3363,0
16:18:00,76,3365,0
16:18:10,76,3361,1
16:18:20,76,3368,0
16:18:30,77,3367,0
16:18:40,79,3379,0
16:18:50,75,3380,1
16:19:00,74,3379,0
16:19:10,73,3381,0
16:19:20,73,3377,1
16:19:30,74,3375,0
16:19:40,76,3376,1
16:19:50,79,3373,0
16:20:00,73,3375,0
16:20:10,78,3378,0
16:20:20,80,3381,0
16:20:30,80,3385,0
16:20:40,78,3387,0
16:20:50,78,3391,0
16:21:00,78,3393,0
16:21:10,78,3393,0
16:21:20,76,3397,0
16:21:30,76,3399,0
16:21:40,75,3399,0
16:21:50,77,3402,0
16:22:00,80,3402,0
16:22:10,77,3396,0
16:22:20,73,3396,0
16:22:30,74,3401,0
16:22:40,73,3405,0
16:22:50,73,3406,0
16:23:00,73,3408,0
16:23:10,74,3405,0
16:23:20,73,3403,0
16:23:30,78,3404,1
16:23:40,88,3401,0
16:23:50,83,3397,0
16:24:00,90,3396,0
16:24:10,96,3396,1
16:24:20,98,3400,0
16:24:30,94,3408,0
16:24:40,84,3409,0
16:24:50,83,3407,1
16:25:00,82,3411,1
16:25:10,82,3422,1
16:25:20,99,3419,1
16:25:30,113,3420,1
16:25:40,113,3427,1
16:25:50,110,3416,1
16:26:00,101,3416,1
16:26:10,101,3363,1
16:26:20,102,3390,1
16:26:30,112,3405,1
16:26:40,104,3389,0
16:26:50,99,3390,1
16:27:00,94,3390,1
16:27:10,82,3398,1
16:27:20,99,3388,1
16:27:30,95,3393,1
16:27:40,91,3370,1
16:27:50,90,3304,1
16:28:00,104,3275,1
16:28:10,108,3300,1
16:28:20,111,3296,1
16:28:30,111,3256,1
16:28:40,111,3286,1
16:28:50,125,3296,1
16:29:00,114,3292,1
16:29:10,87,3247,1
16:29:20,89,3228,1
16:29:30,83,3212,1
16:29:40,94,3257,1
16:29:50,102,3277,1
16:30:00,98,3264,0
16:30:10,92,3259,1
16:30:20,89,3262,0
16:30:30,80,3262,0
16:30:40,83,3248,1
16:30:50,90,3128,1
16:31:00,95,3093,1
16:31:10,100,3077,1
16:31:20,101,3094,1
16:31:30,98,3086,1
16:31:40,94,3081,1
16:31:50,96,3053,1
16:32:00,106,3030,1
16:32:10,114,3053,1
16:32:20,127,3046,1
16:32:30,129,3017,1
16:32:40,129,3036,1
16:32:50,128,3033,1
16:33:00,123,2987,1
16:33:10,126,2994,1
16:33:20,117,3012,1
16:33:30,116,2992,1
16:33:40,114,2974,1
16:33:50,116,2989,1
16:34:00,118,2988,1
16:34:10,119,2979,1
16:34:20,120,2961,1
16:34:30,122,2940,1
16:34:40,126,2959,1
16:34:50,115,2971,1
16:35:00,120,2959,1
16:35:10,125,2963,1
16:35:20,113,2998,1
16:35:30,125,2995,1
16:35:40,131,2997,1
16:35:50,133,3015,0
16:36:00,121,3026,0
16:36:10,114,3008,1
16:36:20,113,3008,1
16:36:30,109,3040,1
16:36:40,113,3061,0
16:36:50,106,3069,1
16:37:00,105,3076,0
16:37:10,101,3076,1
16:37:20,98,3077,0
16:37:30,97,3078,1
16:37:40,100,3083,1
16:37:50,98,3098,1
16:38:00,95,3104,0
16:38:10,98,3109,1
16:38:20,103,3123,1
16:38:30,105,3133,1
16:38:40,112,3140,1
16:38:50,116,3137,0
16:39:00,99,3152,0
16:39:10,102,3148,0
16:39:20,114,3149,1
16:39:30,117,3158,1
16:39:40,108,3151,0
16:39:50,96,3156,1
16:40:00,98,3156,0
16:40:10,93,3160,0
16:40:20,85,3168,0
16:40:30,86,3176,0
16:40:40,84,3176,0
16:40:50,78,3176,1
16:41:00,84,3173,1
16:41:10,96,3165,1
16:41:20,99,3175,0
16:41:30,98,3177,0
16:41:40,104,3173,0
16:41:50,96,3172,1
16:42:00,80,3174,0
16:42:10,83,3172,1
16:42:20,90,3187,0
16:42:30,96,3181,1
16:42:40,82,3174,0
16:42:50,95,3190,0
16:43:00,93,3197,0
16:43:10,94,3197,0
16:43:20,91,3202,0
16:43:30,90,3195,1
16:43:40,97,3191,1
16:43:50,103,3181,1
16:44:00,106,3175,0
16:44:10,108,3175,0
16:44:20,104,3166,1
16:44:30,89,3161,1
16:44:40,89,3165,0
16:44:50,89,3166,0
16:45:00,88,3171,1
16:45:10,90,3185,1
16:45:20,113,3184,1
16:45:30,111,3202,1
16:45:40,103,3184,0
16:45:50,101,3187,1
16:46:00,102,3182,0
16:46:10,84,3182,0
16:46:20,83,3186,1
16:46:30,85,3194,1
16:46:40,87,3213,1
16:46:50,92,3216,0
16:47:00,89,3204,1
16:47:10,94,3213,0
16:47:20,101,3217,0
16:47:30,103,3216,1
16:47:40,104,3216,1
16:47:50,106,3211,1
16:48:00,97,3207,1
16:48:10,91,3225,1
16:48:20,85,3215,1
16:48:30,92,3214,1
16:48:40,99,3204,1
16:48:50,104,3203,1
16:49:00,114,3191,1
16:49:10,125,3195,1
16:49:20,124,3184,1
16:49:30,125,3193,1
16:49:40,122,3194,1
16:49:50,124,3198,1
16:50:00,120,3195,1
16:50:10,121,3194,1
16:50:20,92,3191,1
16:50:30,101,3169,1
16:50:40,105,3161,1
16:50:50,106,3152,1
16:51:00,114,3137,1
16:51:10,117,3127,1
16:51:20,124,3117,1
16:51:30,121,3104,1
16:51:40,126,3105,1
16:51:50,124,3122,1
16:52:00,119,3138,1
16:52:10,118,3141,1
16:52:20,122,3149,1
16:52:30,124,3147,1
16:52:40,124,3150,1
16:52:50,103,3147,1
16:53:00,95,3124,1
16:53:10,103,3137,1
16:53:20,107,3148,1
16:53:30,107,3140,1
16:53:40,117,3140,1
16:53:50,122,3137,0
16:54:00,120,3147,0
16:54:10,103,3171,0
16:54:20,100,3152,1
16:54:30,98,3167,1
16:54:40,98,3164,1
16:54:50,115,3170,1
16:55:00,108,3179,1
16:55:10,118,3193,1
16:55:20,134,3201,0
16:55:30,133,3187,0
16:55:40,116,3182,0
16:55:50,93,3186,0
16:56:00,91,3184,0
16:56:10,94,3180,0
16:56:20,88,3177,0
16:56:30,87,3172,0
16:56:40,89,3175,0
16:56:50,89,3173,0
16:57:00,91,3173,0
16:57:10,89,3181,0
16:57:20,88,3184,0
16:57:30,87,3187,0
16:57:40,89,3186,0
16:57:50,89,3189,0
16:58:00,91,3211,0
16:58:10,83,3219,0
16:58:20,84,3227,0
16:58:30,85,3227,0
16:58:40,85,3232,0
16:58:50,85,3234,0
16:59:00,85,3238,0
16:59:10,84,3245,0
16:59:20,86,3251,0
16:59:30,84,3256,0
16:59:40,85,3252,0
16:59:50,86,3256,0
17:00:00,84,3255,0
17:00:10,86,3259,0
17:00:20,86,3265,1
17:00:30,90,3253,0
17:00:40,88,3246,0
17:00:50,82,3239,0
17:01:00,81,3235,0
17:01:10,81,3259,1
17:01:20,80,3237,1
17:01:30,89,3245,0
17:01:40,92,3243,1
17:01:50,92,3246,1
17:02:00,85,3254,0
17:02:10,80,3256,0
17:02:20,80,3245,1
17:02:30,83,3244,0
17:02:40,89,3251,0
17:02:50,85,3241,0
17:03:00,83,3232,0
17:03:10,84,3229,0
17:03:20,86,3248,1
17:03:30,88,3263,1
17:03:40,90,3269,1
17:03:50,89,3277,0
17:04:00,88,3281,0
17:04:10,86,3287,1
17:04:20,87,3289,1
17:04:30,86,3292,1
17:04:40,85,3293,1
17:04:50,82,3295,1
17:05:00,81,3296,1
17:05:10,80,3299,1
17:05:20,80,3302,0
17:05:30,80,3302,0
17:05:40,81,3301,1
17:05:50,82,3291,0
17:06:00,80,3296,0
17:06:10,81,3314,0
17:06:20,82,3331,1
17:06:30,82,3342,1
17:06:40,79,3352,1
17:06:50,108,3337,1
17:07:00,100,3340,1
17:07:10,107,3348,1
17:07:20,107,3337,0
17:07:30,95,3329,0
17:07:40,94,3316,0
17:07:50,97,3325,1
17:08:00,97,3327,0
17:08:10,93,3321,0
17:08:20,91,3320,1
17:08:30,94,3310,1
17:08:40,91,3313,1
17:08:50,91,3305,1
17:09:00,100,3290,0
17:09:10,106,3290,1
17:09:20,105,3304,0
17:09:30,101,3293,0
17:09:40,96,3298,0
17:09:50,102,3339,0
17:10:00,100,3349,1
17:10:10,102,3304,1
17:10:20,93,3338,0
17:10:30,92,3344,1
17:10:40,95,3328,0
17:10:50,94,3322,1
17:11:00,92,3333,0
17:11:10,90,3299,1
17:11:20,91,3284,0
17:11:30,96,3227,0
17:11:40,96,3194,1
17:11:50,96,3197,0
17:12:00,98,3235,1
17:12:10,98,3261,1
17:12:20,101,3262,0
17:12:30,102,3271,1
17:12:40,94,3269,0
17:12:50,101,3267,0
17:13:00,96,3265,0
17:13:10,91,3261,0
17:13:20,85,3260,0
17:13:30,79,3255,0
17:13:40,79,3253,0
17:13:50,84,3256,0
17:14:00,85,3257,0
17:14:10,85,3260,0
17:14:20,83,3264,0
17:14:30,79,3266,0
17:14:40,82,3268,0
17:14:50,82,3272,0
17:15:00,84,3273,0
17:15:10,84,3276,0
17:15:20,84,3276,0
17:15:30,85,3278,0
17:15:40,87,3270,0
17:15:50,87,3276,0
17:16:00,87,3275,0
17:16:10,86,3276,0
17:16:20,84,3281,0
17:16:30,85,3285,0
17:16:40,88,3288,0
17:16:50,83,3291,0
17:17:00,82,3294,0
17:17:10,83,3298,0
17:17:20,83,3304,0
17:17:30,84,3304,0
17:17:40,84,3308,0
17:17:50,84,3307,0
17:18:00,88,3306,0
17:18:10,89,3309,0
17:18:20,91,3311,0
17:18:30,95,3380,1
17:18:40,87,3361,0
17:18:50,82,3353,0
17:19:00,81,3349,0
17:19:10,80,3342,0
17:19:20,81,3343,0
17:19:30,82,3338,0
17:19:40,83,3324,0
17:19:50,83,3313,0
17:20:00,85,3348,1
17:20:10,81,3373,1
17:20:20,84,3357,1
17:20:30,85,3351,1
17:20:40,86,3414,1
17:20:50,109,3414,1
17:21:00,126,3435,1
17:21:10,124,3445,1
17:21:20,122,3451,1
17:21:30,117,3453,1
17:21:40,108,3449,1
17:21:50,96,3439,1
17:22:00,94,3453,1
17:22:10,107,3455,1
17:22:20,104,3448,1
17:22:30,115,3430,0
17:22:40,111,3413,0
17:22:50,105,3401,0
17:23:00,99,3357,0
17:23:10,98,3360,1
17:23:20,101,3399,1
17:23:30,101,3398,1
17:23:40,94,3381,0
17:23:50,95,3373,0
17:24:00,89,3360,0
17:24:10,83,3352,0
17:24:20,84,3345,0
17:24:30,85,3343,0
17:24:40,85,3341,0
17:24:50,84,3340,0
17:25:00,84,3336,0
17:25:10,85,3336,0
17:25:20,87,3336,0
17:25:30,91,3334,0
17:25:40,90,3335,0
17:25:50,85,3336,0
17:26:00,86,3338,0
17:26:10,86,3337,0
17:26:20,87,3339,0
17:26:30,87,3340,0
17:26:40,88,3340,0
17:26:50,88,3340,0
17:27:00,89,3346,0
17:27:10,90,3435,0
17:27:20,95,3445,0
17:27:30,94,3424,0
17:27:40,86,3457,0
17:27:50,89,3465,0
17:28:00,89,3455,0
17:28:10,92,3451,1
17:28:20,102,3435,1
17:28:30,107,3426,1
17:28:40,101,3423,1
17:28:50,101,3417,1
17:29:00,116,3416,1
17:29:10,101,3416,0
17:29:20,88,3412,1
17:29:30,84,3401,0
17:29:40,77,3398,0
17:29:50,78,3390,0
17:30:00,80,3392,0
17:30:10,79,3392,0
17:30:20,79,3388,0
17:30:30,81,3385,0
17:30:40,81,3383,0
17:30:50,81,3384,0
17:31:00,83,3380,0
17:31:10,85,3377,0
17:31:20,86,3373,0
17:31:30,85,3373,0
17:31:40,82,3372,0
17:31:50,83,3370,0
17:32:00,83,3368,0
17:32:10,82,3365,0
17:32:20,83,3365,0
17:32:30,83,3364,0
17:32:40,85,3364,0
17:32:50,85,3361,0
17:33:00,84,3360,0
17:33:10,84,3359,0
17:33:20,86,3353,0
17:33:30,86,3351,0
17:33:40,82,3353,0
17:33:50,78,3354,0
17:34:00,81,3356,0
17:34:10,83,3351,0
17:34:20,84,3351,0
17:34:30,83,3349,0
17:34:40,86,3347,0
17:34:50,87,3347,1
17:35:00,87,3345,0
17:35:10,87,3346,0
17:35:20,85,3347,0
17:35:30,84,3344,0
17:35:40,85,3344,0
17:35:50,87,3339,0
17:36:00,84,3337,0
17:36:10,83,3341,0
17:36:20,83,3335,0
17:36:30,83,3337,0
17:36:40,84,3338,0
17:36:50,84,3335,0
17:37:00,84,3334,0
17:37:10,86,3336,0
17:37:20,88,3338,0
17:37:30,92,3337,0
17:37:40,94,3336,0
17:37:50,93,3334,1
17:38:00,93,3330,0
17:38:10,88,3325,1
17:38:20,85,3321,0
17:38:30,81,3322,0
17:38:40,81,3323,0
17:38:50,82,3327,0
17:39:00,83,3328,0
17:39:10,83,3327,0
17:39:20,83,3329,0
17:39:30,84,3330,0
17:39:40,82,3334,0
17:39:50,83,3333,0
17:40:00,85,3334,0
17:40:10,87,3335,1
17:40:20,90,3335,1
17:40:30,95,3341,0
17:40:40,100,3338,0
17:40:50,101,3340,0
17:41:00,99,3355,1
17:41:10,93,3364,0
17:41:20,83,3365,0
17:41:30,81,3353,0
17:41:40,80,3358,0
17:41:50,78,3368,0
17:42:00,80,3367,0
17:42:10,77,3368,0
17:42:20,77,3369,0
17:42:30,78,3373,0
17:42:40,80,3380,0
17:42:50,82,3396,0
17:43:00,80,3408,0
17:43:10,78,3416,0
17:43:20,81,3420,0
17:43:30,83,3406,0
17:43:40,80,3393,0
17:43:50,82,3384,0
17:44:00,83,3396,0
17:44:10,86,3386,0
17:44:20,82,3373,0
17:44:30,82,3369,0
17:44:40,84,3443,0
17:44:50,83,3437,1
17:45:00,81,3438,0
17:45:10,78,3447,0
17:45:20,80,3429,0
17:45:30,78,3417,1
17:45:40,78,3403,0
17:45:50,81,3386,0
17:46:00,83,3372,0
17:46:10,82,3370,0
17:46:20,82,3359,0
17:46:30,81,3372,0
17:46:40,80,3354,0
17:46:50,80,3348,0
17:47:00,84,3340,0
17:47:10,85,3333,0
17:47:20,82,3331,0
17:47:30,79,3330,0
17:47:40,78,3347,0
17:47:50,80,3350,0
17:48:00,82,3336,0
17:48:10,82,3324,0
17:48:20,79,3314,0
17:48:30,73,3305,0
17:48:40,90,3332,0
17:48:50,87,3321,1
17:49:00,82,3320,0
17:49:10,83,3318,0
17:49:20,84,3312,0
17:49:30,84,3311,0
17:49:40,83,3308,0
17:49:50,84,3308,0
17:50:00,85,3305,0
17:50:10,84,3302,0
17:50:20,81,3301,0
17:50:30,82,3303,0
17:50:40,82,3305,0
17:50:50,82,3299,0
17:51:00,81,3305,0
17:51:10,81,3303,0
17:51:20,82,3305,0
17:51:30,82,3305,0
17:51:40,82,3310,0
17:51:50,84,3307,0
17:52:00,83,3310,0
17:52:10,83,3309,0
17:52:20,82,3306,0
17:52:30,81,3308,0
17:52:40,81,3308,0
17:52:50,81,3308,0
17:53:00,81,3311,0
17:53:10,81,3310,0
17:53:20,80,3311,0
17:53:30,79,3313,0
17:53:40,80,3312,0
17:53:50,79,3313,0
17:54:00,81,3313,0
17:54:10,86,3383,1
17:54:20,86,3389,0
17:54:30,79,3378,0
17:54:40,83,3392,0
17:54:50,83,3379,0
17:55:00,81,3401,1
17:55:10,82,3376,1
17:55:20,83,3335,1
17:55:30,99,3374,1
17:55:40,100,3368,1
17:55:50,91,3351,1
17:56:00,125,3346,1
17:56:10,116,3342,1
17:56:20,107,3378,0
17:56:30,96,3389,0
17:56:40,93,3388,0
17:56:50,90,3390,0
17:57:00,86,3394,0
17:57:10,88,3379,1
17:57:20,91,3367,1
17:57:30,93,3351,1
17:57:40,84,3343,1
17:57:50,91,3344,1
17:58:00,92,3339,1
17:58:10,96,3335,1
17:58:20,105,3335,1
17:58:30,106,3331,1
17:58:40,105,3353,1
17:58:50,105,3347,0
17:59:00,100,3369,1
17:59:10,94,3310,1
17:59:20,95,3313,1
17:59:30,91,3305,1
17:59:40,92,3306,1
17:59:50,110,3271,1
18:00:00,109,3277,1
18:00:10,102,3256,1
18:00:20,94,3268,1
18:00:30,93,3263,1
18:00:40,90,3247,1
18:00:50,88,3245,1
18:01:00,94,3237,1
18:01:10,106,3232,1
18:01:20,106,3232,1
18:01:30,112,3253,1
18:01:40,109,3235,1
18:01:50,113,3255,1
18:02:00,111,3251,1
18:02:10,96,3238,1
18:02:20,102,3237,1
18:02:30,106,3268,1
18:02:40,112,3287,0
18:02:50,112,3312,1
18:03:00,111,3325,1
18:03:10,100,3320,1
18:03:20,114,3336,1
18:03:30,117,3339,1
18:03:40,117,3330,1
18:03:50,108,3321,1
18:04:00,98,3332,1
18:04:10,96,3332,1
18:04:20,91,3321,1
18:04:30,87,3321,1
18:04:40,91,3307,1
18:04:50,95,3286,1
18:05:00,93,3300,1
18:05:10,116,3287,1
18:05:20,118,3243,1
18:05:30,130,3190,1
18:05:40,139,3133,1
18:05:50,139,3113,1
18:06:00,155,3112,1
18:06:10,129,3116,1
18:06:20,118,3100,1
18:06:30,103,3079,1
18:06:40,105,3133,1
18:06:50,122,3123,1
18:07:00,145,3127,1
18:07:10,120,3108,1
18:07:20,99,3122,1
18:07:30,98,3108,1
18:07:40,100,3109,1
18:07:50,106,3104,1
18:08:00,101,3078,1
18:08:10,100,3051,1
18:08:20,106,3079,1
18:08:30,95,3102,1
18:08:40,85,3072,1
18:08:50,84,3049,1
18:09:00,99,3077,1
18:09:10,120,3081,1
18:09:20,119,3079,1
18:09:30,116,3079,1
18:09:40,116,3079,1
18:09:50,118,3076,1
18:10:00,126,3068,1
18:10:10,109,3079,1
18:10:20,94,3089,1
18:10:30,91,3073,0
18:10:40,93,3077,1
18:10:50,98,3079,1
18:11:00,94,3086,0
18:11:10,100,3079,1
18:11:20,103,3079,1
18:11:30,105,3065,1
18:11:40,100,3061,1
18:11:50,99,3054,1
18:12:00,99,3048,1
18:12:10,97,3059,1
18:12:20,94,3065,1
18:12:30,99,3073,1
18:12:40,99,3074,1
18:12:50,119,3080,1
18:13:00,123,3090,1
18:13:10,125,3099,1
18:13:20,114,3101,1
18:13:30,108,3098,1
18:13:40,114,3097,1
18:13:50,139,3080,1
18:14:00,140,3138,1
18:14:10,129,3162,1
18:14:20,123,3186,1
18:14:30,106,3191,1
18:14:40,117,3197,1
18:14:50,108,3202,1
18:15:00,100,3201,1
18:15:10,96,3200,1
18:15:20,135,3206,0
18:15:30,133,3198,1
18:15:40,137,3194,0
18:15:50,142,3203,1
18:16:00,151,3191,0
18:16:10,131,3204,0
18:16:20,124,3207,0
18:16:30,122,3211,0
18:16:40,122,3213,1
18:16:50,124,3211,0
18:17:00,126,3209,1
18:17:10,102,3215,0
18:17:20,92,3218,0
18:17:30,110,3218,0
18:17:40,101,3226,0
18:17:50,95,3223,0
18:18:00,88,3224,1
18:18:10,91,3226,1
18:18:20,96,3220,0
18:18:30,80,3220,0
18:18:40,79,3228,1
18:18:50,84,3222,1
18:19:00,84,3224,1
18:19:10,86,3216,1
18:19:20,87,3232,1
18:19:30,87,3235,1
18:19:40,95,3235,0
18:19:50,93,3244,1
18:20:00,97,3247,0
18:20:10,90,3254,0
18:20:20,85,3258,0
18:20:30,82,3264,0
18:20:40,82,3270,0
18:20:50,85,3272,0
18:21:00,84,3275,0
18:21:10,81,3282,0
18:21:20,79,3285,0
18:21:30,79,3290,0
18:21:40,82,3293,0
18:21:50,83,3288,0
18:22:00,83,3282,1
18:22:10,81,3280,0
18:22:20,79,3293,1
18:22:30,79,3293,1
18:22:40,79,3298,1
18:22:50,96,3304,1
18:23:00,108,3314,0
18:23:10,116,3316,0
18:23:20,106,3320,0
18:23:30,104,3322,1
18:23:40,92,3328,1
18:23:50,82,3319,0
18:24:00,86,3313,0
18:24:10,83,3311,0
18:24:20,86,3325,1
18:24:30,87,3324,1
18:24:40,85,3318,0
18:24:50,75,3312,0
18:25:00,75,3306,0
18:25:10,73,3315,1
18:25:20,92,3316,0
18:25:30,98,3326,1
18:25:40,97,3331,1
18:25:50,99,3327,0
18:26:00,87,3328,0
18:26:10,91,3331,0
18:26:20,96,3331,1
18:26:30,97,3330,1
18:26:40,97,3326,1
18:26:50,95,3337,1
18:27:00,91,912,1
18:27:10,94,3352,0
18:27:20,95,3353,1
18:27:30,97,3360,0
18:27:40,98,3346,1
18:27:50,97,3338,0
18:28:00,98,3345,0
18:28:10,96,3352,1
18:28:20,91,3346,1
18:28:30,83,3354,1
18:28:40,78,3345,1
18:28:50,87,3344,1
18:29:00,85,3335,0
18:29:10,78,3343,0
18:29:20,84,3335,1
18:29:30,77,3348,0
18:29:40,61,3347,0
18:29:50,71,3333,0
18:30:00,81,3319,0
18:30:10,80,3327,0
18:30:20,82,3337,1
18:30:30,81,3342,1
18:30:40,85,3336,1
18:30:50,83,3326,1
18:31:00,77,3333,0
18:31:10,81,3328,1
18:31:20,86,3337,0
18:31:30,84,3335,1
18:31:40,85,3329,1
18:31:50,82,3326,1
18:32:00,84,3340,1
18:32:10,77,3348,0
18:32:20,76,3350,0
18:32:30,83,3360,0
18:32:40,75,3357,1
18:32:50,73,3352,0
18:33:00,80,3342,0
18:33:10,77,3350,1
18:33:20,67,3355,0
18:33:30,60,3354,1
18:33:40,58,3353,1
18:33:50,65,3355,0
18:34:00,82,3347,1
18:34:10,81,3336,1
18:34:20,78,3336,1
18:34:30,78,3350,1
18:34:40,95,3357,0
18:34:50,93,3362,0
18:35:00,91,3357,0
18:35:10,92,3364,1
18:35:20,94,3359,1
18:35:30,92,3363,0
18:35:40,88,3366,0
18:35:50,87,3367,0
18:36:00,88,3368,0
18:36:10,86,3345,0
18:36:20,87,3354,0
18:36:30,86,3361,0
18:36:40,88,3367,0
18:36:50,88,3370,0
18:37:00,88,3372,0
18:37:10,90,3375,0
18:37:20,89,3381,0
18:37:30,86,3382,0
18:37:40,85,3382,0
18:37:50,83,3379,1
18:38:00,85,3376,0
18:38:10,84,3384,0
18:38:20,84,3386,0
18:38:30,84,3390,0
18:38:40,85,3381,1
18:38:50,84,3383,0
18:39:00,83,3390,0
18:39:10,84,3391,1
18:39:20,75,3390,0
18:39:30,75,3395,0
18:39:40,80,3398,1
18:39:50,84,3400,0
18:40:00,84,3405,0
18:40:10,83,3409,0
18:40:20,83,3411,0
18:40:30,82,3413,0
18:40:40,84,3419,0
18:40:50,82,3421,0
18:41:00,82,3421,0
18:41:10,83,3419,0
18:41:20,85,3424,0
18:41:30,84,3422,0
18:41:40,83,3423,0
18:41:50,82,3425,0
18:42:00,81,3427,0
18:42:10,79,3427,0
18:42:20,80,3428,0
18:42:30,85,3430,0
18:42:40,85,3424,0
18:42:50,84,3428,0
18:43:00,84,3427,0
18:43:10,87,3428,0
18:43:20,88,3426,0
18:43:30,86,3423,0
18:43:40,86,3423,0
18:43:50,90,3423,0
18:44:00,89,3427,0
18:44:10,87,3427,0
18:44:20,90,3425,0
18:44:30,91,3426,0
18:44:40,91,3431,0
18:44:50,88,3429,0
18:45:00,88,3431,0
18:45:10,91,3405,0
18:45:20,88,3421,0
18:45:30,85,3432,0
18:45:40,86,3436,0
18:45:50,85,3437,0
18:46:00,85,3438,0
18:46:10,86,3444,0
18:46:20,84,3443,0
18:46:30,86,3445,0
18:46:40,87,3444,0
18:46:50,88,3438,1
18:47:00,84,3437,0
18:47:10,83,3436,1
18:47:20,89,3441,0
18:47:30,89,3440,0
18:47:40,91,3443,0
18:47:50,90,3446,0
18:48:00,90,3446,0
18:48:10,91,3449,0
18:48:20,92,3449,0
18:48:30,87,3447,0
18:48:40,83,3451,0
18:48:50,84,3440,0
18:49:00,85,3440,0
18:49:10,81,3444,0
18:49:20,79,3430,0
18:49:30,80,3436,0
18:49:40,83,3438,0
18:49:50,84,3437,0
18:50:00,87,3441,1
18:50:10,89,3443,0
18:50:20,90,3442,0
18:50:30,91,3445,0
18:50:40,92,3446,0
18:50:50,92,3447,0
18:51:00,94,3448,0
18:51:10,92,3451,0
18:51:20,91,3453,0
18:51:30,91,3452,0
18:51:40,89,3436,0
18:51:50,88,3414,0
18:52:00,84,3422,0
18:52:10,84,3433,0
18:52:20,85,3438,0
18:52:30,89,3440,0
18:52:40,91,3443,0
18:52:50,91,3443,0
18:53:00,91,3442,0
18:53:10,91,3445,0
18:53:20,91,3447,0
18:53:30,94,3448,0
18:53:40,96,3449,0
18:53:50,98,3451,0
18:54:00,96,3446,1
18:54:10,99,3442,0
18:54:20,86,3445,0
18:54:30,86,3447,1
18:54:40,83,3452,0
18:54:50,80,3456,0
18:55:00,81,3453,0
18:55:10,82,3457,0
18:55:20,83,3454,0
18:55:30,89,3444,0
18:55:40,87,3447,0
18:55:50,83,3449,0
18:56:00,83,3445,0
18:56:10,83,3445,1
18:56:20,84,3430,0
18:56:30,84,3442,0
18:56:40,84,3438,0
18:56:50,83,3438,1
18:57:00,85,3442,0
18:57:10,84,3442,1
18:57:20,81,3435,1
18:57:30,87,3438,0
18:57:40,84,3437,0
18:57:50,85,3440,0
18:58:00,87,3439,0
18:58:10,88,3440,0
18:58:20,85,3439,0
18:58:30,88,3433,1
18:58:40,88,3426,1
18:58:50,83,3426,0
18:59:00,85,3426,0
18:59:10,89,3428,0
18:59:20,89,3429,0
18:59:30,87,3428,0
18:59:40,88,3428,0
18:59:50,85,3429,1
19:00:00,89,3432,1
19:00:10,91,3426,0
19:00:20,88,3430,1
19:00:30,86,3430,1
19:00:40,94,3422,1
19:00:50,98,3427,1
19:01:00,104,3431,0
19:01:10,109,3434,0
19:01:20,109,3427,1
19:01:30,110,3430,1
19:01:40,103,3430,0
19:01:50,99,3427,1
19:02:00,103,3426,1
19:02:10,104,3423,1
19:02:20,103,3415,1
19:02:30,106,3417,1
19:02:40,99,3413,0
19:02:50,100,3414,1
19:03:00,102,3414,1
19:03:10,99,3410,0
19:03:20,105,3404,1
19:03:30,105,3400,1
19:03:40,103,3394,1
19:03:50,125,3390,1
19:04:00,132,3393,1
19:04:10,130,3389,1
19:04:20,119,3363,1
19:04:30,116,3371,1
19:04:40,113,3376,0
19:04:50,108,3371,1
19:05:00,107,3360,1
19:05:10,103,3351,1
19:05:20,100,3337,1
19:05:30,98,3331,1
19:05:40,101,3331,1
19:05:50,100,3337,1
19:06:00,101,3328,1
19:06:10,110,3332,0
19:06:20,102,3320,1
19:06:30,98,3325,0
19:06:40,98,3321,0
19:06:50,93,3315,0
19:07:00,99,3308,1
19:07:10,99,3297,0
19:07:20,99,3299,1
19:07:30,97,3305,1
19:07:40,96,3306,1
19:07:50,100,3304,1
19:08:00,104,3312,0
19:08:10,104,3319,0
19:08:20,100,3308,0
19:08:30,99,3307,1
19:08:40,99,3298,1
19:08:50,101,3265,1
19:09:00,101,3266,1
19:09:10,96,3259,1
19:09:20,101,3243,1
19:09:30,99,3238,1
19:09:40,102,3220,1
19:09:50,103,3223,1
19:10:00,101,3225,1
19:10:10,101,3222,1
19:10:20,94,3216,1
19:10:30,93,3213,1
19:10:40,97,3217,1
19:10:50,101,3221,1
19:11:00,105,3195,1
19:11:30,108,3193,1
19:11:40,111,3189,1
19:11:50,114,3185,0
19:12:00,89,3176,0
19:12:10,85,3159,0
19:12:20,85,3142,0
19:12:30,86,3144,0
19:12:40,85,3151,0
19:12:50,86,3147,0
19:13:00,85,3148,0
19:13:10,84,3137,0
19:13:20,85,3142,0
19:13:30,86,3137,0
19:13:40,84,3146,0
19:13:50,85,3161,0
19:14:00,84,3164,0
19:14:10,84,3171,0
19:14:20,84,3175,0
19:14:30,85,3182,0
19:14:40,86,3179,0
19:14:50,87,3183,0
19:15:00,87,3184,0
19:15:10,85,3196,1
19:15:20,89,3198,1
19:15:30,91,3200,0
19:15:40,86,3205,0
19:15:50,87,3209,0
19:16:00,84,3210,0
19:16:10,85,3217,1
19:16:20,83,3221,0
19:16:30,85,3218,0
19:16:40,84,3227,0
19:16:50,85,3237,0
19:17:00,85,3223,0
19:17:10,85,3219,0
19:17:20,86,3218,0
19:17:30,87,3188,0
19:17:40,88,3143,0
19:17:50,88,3163,1
19:18:00,82,3172,0
19:18:10,80,3175,1
19:18:20,86,3190,0
19:18:30,88,3200,0
19:18:40,85,3212,0
19:18:50,84,3222,0
19:19:00,85,3230,0
19:19:10,84,3234,0
19:19:20,84,3245,0
19:19:30,81,3253,0
19:19:40,81,3258,0
19:19:50,83,3263,0
19:20:00,83,3249,0
19:20:10,84,3253,0
19:20:20,86,3253,0
19:20:30,85,3253,0
19:20:40,88,3257,0
19:20:50,83,3255,0
19:21:00,84,3244,0
19:21:10,84,3246,1
19:21:20,81,3249,1
19:21:30,88,3225,1
19:21:40,94,3216,1
19:21:50,99,3200,1
19:22:00,98,3201,0
19:22:10,101,3217,1
19:22:20,91,3225,0
19:22:30,95,3210,1
19:22:40,98,3206,1
19:22:50,85,3207,1
19:23:00,84,3209,1
19:23:10,87,3204,1
19:23:20,91,3197,1
19:23:30,88,3204,1
19:23:40,87,3181,1
19:23:50,93,3190,1
19:24:00,91,3177,1
19:24:10,91,3178,1
19:24:20,89,3171,1
19:24:30,89,3170,1
19:24:40,88,3179,1
19:24:50,83,3174,1
19:25:00,82,3173,1
19:25:10,84,3167,1
19:25:20,83,3171,0
19:25:30,86,3187,1
19:25:40,84,3179,1
19:25:50,88,3184,1
19:26:00,88,3187,1
19:26:10,80,3191,1
19:26:20,81,3193,1
19:26:30,85,3193,1
19:26:40,85,3193,1
19:26:50,87,3150,1
19:27:00,84,3169,1
19:27:10,86,3181,1
19:27:20,88,3194,1
19:27:30,97,3198,1
19:27:40,98,3212,1
19:27:50,97,3221,1
19:28:00,101,3220,1
19:28:10,101,3216,1
19:28:20,95,3202,1
19:28:30,95,3208,1
19:28:40,97,3207,1
19:28:50,101,3204,1
19:29:00,102,3209,1
19:29:10,99,3206,1
19:29:20,97,3208,1
19:29:30,99,3213,1
19:29:40,99,3192,0
19:29:50,99,3208,1
19:30:00,101,3219,1
19:30:10,100,3215,1
19:30:20,108,3230,1
19:30:30,108,3225,1
19:30:40,108,3233,1
19:30:50,115,3223,1
19:31:00,88,3237,1
19:31:10,90,3216,1
19:31:20,91,3219,1
19:31:30,99,3229,1
19:31:40,92,3223,1
19:31:50,92,3215,1
19:32:00,105,3197,1
19:32:10,105,3210,1
19:32:20,105,3249,0
19:32:30,102,3268,0
19:32:40,102,3273,1
19:32:50,101,3278,1
19:33:00,84,3281,1
19:33:10,82,3286,0
19:33:20,81,3288,0
19:33:30,82,3294,0
19:33:40,82,3299,0
19:33:50,81,3283,1
19:34:00,96,3282,1
19:34:10,91,3281,0
19:34:20,97,3290,0
19:34:30,91,3279,0
19:34:40,99,3293,0
19:34:50,98,3303,0
19:35:00,96,3300,0
19:35:10,93,3304,0
19:35:20,94,3294,0
19:35:30,93,3288,1
19:35:40,98,3311,0
19:35:50,94,3320,0
19:36:00,91,3327,0
19:36:10,92,3331,1
19:36:20,96,3305,1
19:36:30,88,3312,0
19:36:40,87,3296,1
19:36:50,94,3280,1
19:37:00,97,3265,1
19:37:10,99,3252,1
19:37:20,100,3227,0
19:37:30,101,3220,1
19:37:40,104,3212,1
19:37:50,104,3222,1
19:38:00,99,3198,1
19:38:10,99,3218,1
19:38:20,101,3225,1
19:38:30,110,3243,1
19:38:40,112,3202,0
19:38:50,107,3245,1
19:39:00,107,3253,1
19:39:10,117,3266,1
19:39:20,128,3273,1
19:39:30,101,3276,1
19:39:40,103,3281,1
19:39:50,111,3288,1
19:40:00,95,3294,1
19:40:10,91,3298,1
19:40:20,93,3297,1
19:40:30,95,3303,1
19:40:40,106,3304,1
19:40:50,109,3309,1
19:41:00,104,3313,1
19:41:10,102,3316,1
19:41:20,101,3321,1
19:41:30,99,3324,1
19:41:40,88,3327,1
19:41:50,99,3328,1
19:42:00,107,3321,1
19:42:10,105,3308,1
19:42:20,98,3299,0
19:42:30,98,3298,1
19:42:40,104,3299,1
19:42:50,109,3311,1
19:43:00,118,3313,1
19:43:10,110,3312,1
19:43:20,109,3313,1
19:43:30,102,3321,1
19:43:40,101,3313,1
19:43:50,103,3314,1
19:44:00,101,3307,0
19:44:10,100,3306,1
19:44:20,108,3319,1
19:44:30,101,3329,1
19:44:40,100,3339,1
19:44:50,95,3341,1
19:45:00,93,3343,0
19:45:10,86,3342,0
19:45:20,89,3348,1
19:45:30,95,3353,1
19:45:40,103,3354,0
19:45:50,109,3350,0
19:46:00,108,3353,1
19:46:10,107,3361,1
19:46:20,103,3364,1
19:46:30,98,3363,1
19:46:40,97,3366,1
19:46:50,100,3377,1
19:47:00,92,3372,0
19:47:10,95,3355,1
19:47:20,96,3358,0
19:47:30,89,3363,1
19:47:40,88,3368,1
19:47:50,100,3370,1
19:48:00,102,3371,1
19:48:10,104,3369,1
19:48:20,106,3370,1
19:48:30,103,3372,1
19:48:40,105,3363,1
19:48:50,103,3356,1
19:49:00,93,3362,1
19:49:10,95,3369,1
19:49:20,104,3365,0
19:49:30,112,3354,1
19:49:40,107,3357,1
19:49:50,107,3341,1
19:50:00,100,3346,1
19:50:10,100,3349,1
19:50:20,99,3352,1
19:50:30,99,3359,1
19:50:40,95,3355,1
19:50:50,96,3352,1
19:51:00,100,3354,1
19:51:10,101,3360,1
19:51:20,127,3357,1
19:51:30,119,3348,1
19:51:40,100,3346,0
19:51:50,93,3345,0
19:52:00,91,3343,0
19:52:10,92,3348,0
19:52:20,91,3346,0
19:52:30,90,3349,0
19:52:40,89,3349,0
19:52:50,90,3348,0
19:53:00,90,3350,0
19:53:10,91,3354,0
19:53:20,93,3354,0
19:53:30,92,3359,0
19:53:40,94,3358,0
19:53:50,93,3349,0
19:54:00,93,3352,0
19:54:10,96,3357,0
19:54:20,97,3362,0
19:54:30,96,3365,0
19:54:40,95,3372,0
19:54:50,96,3366,1
19:55:00,95,3378,0
19:55:10,97,3389,1
19:55:20,100,3395,1
19:55:30,103,3389,1
19:55:40,102,3396,1
19:55:50,98,3396,1
19:56:00,98,3404,1
19:56:10,101,3406,1
19:56:20,109,3397,1
19:56:30,124,3405,1
19:56:40,114,3409,1
19:56:50,113,3400,1
19:57:00,108,3403,1
19:57:10,107,3405,1
19:57:20,105,3406,1
19:57:30,105,3407,1
19:57:40,107,3390,1
19:57:50,111,3408,0
19:58:00,100,3400,1
19:58:10,99,3388,1
19:58:20,100,3389,1
19:58:30,101,3407,0
19:58:40,113,3386,0
19:58:50,111,3399,1
19:59:00,118,3409,1
19:59:10,124,3393,1
19:59:20,118,3396,1
19:59:30,117,3395,0
19:59:40,104,3402,0
19:59:50,98,3403,1
20:00:00,101,3403,1
20:00:10,105,3395,1
20:00:20,106,3401,1
20:00:30,103,3400,1
20:00:40,106,3396,1
20:00:50,108,3387,1
20:01:00,114,3386,1
20:01:10,114,3403,1
20:01:20,110,3408,1
20:01:30,112,3411,1
20:01:40,116,3416,1
20:01:50,119,3416,1
20:02:00,114,3423,1
20:02:10,108,3425,1
20:02:20,107,3425,1
20:02:30,106,3424,1
20:02:40,108,3423,1
20:02:50,96,3423,1
20:03:00,93,3421,1
20:03:10,91,3420,1
20:03:20,91,3428,1
20:03:30,94,3419,1
20:03:40,97,3420,1
20:03:50,99,3414,1
20:04:00,100,3409,1
20:04:10,100,3407,1
20:04:20,92,3407,1
20:04:30,86,3400,1
20:04:40,83,3398,1
20:04:50,89,3389,1
20:05:00,87,3385,1
20:05:10,93,3373,1
20:05:20,97,3369,1
20:05:30,96,3361,1
20:05:40,102,3362,0
20:05:50,93,3363,1
20:06:00,92,3355,0
20:06:10,87,3352,0
20:06:20,87,3344,1
20:06:30,85,3344,1
20:06:40,80,3353,1
20:06:50,83,3355,1
20:07:00,86,3352,1
20:07:10,85,3353,0
20:07:20,84,3358,1
20:07:30,88,3359,1
20:07:40,93,3358,1
20:07:50,92,3359,0
20:08:00,83,3358,0
20:08:10,90,3354,0
20:08:20,94,3355,0
20:08:30,89,3349,1
20:08:40,88,3341,1
20:08:50,95,3326,1
20:09:00,108,3302,1
20:09:10,100,3297,1
20:09:20,100,3292,1
20:09:30,88,3295,1
20:09:40,100,3324,1
20:09:50,95,3327,0
20:10:00,87,3326,0
20:10:10,86,3322,1
20:10:20,89,3326,1
20:10:30,88,3330,1
20:10:40,94,3333,1
20:10:50,88,3338,1
20:11:00,87,3330,1
20:11:10,86,3333,0
20:11:20,87,3332,1
20:11:30,88,3323,1
20:11:40,92,3326,0
20:11:50,91,3315,1
20:12:00,91,3318,1
20:12:10,98,3320,1
20:12:20,81,3317,1
20:12:30,79,3313,1
20:12:40,83,3311,0
20:12:50,87,3304,1
20:13:00,85,3290,0
20:13:10,84,3286,0
20:13:20,73,3284,1
20:13:30,76,3297,1
20:13:40,81,3294,0
20:13:50,81,3299,1
20:14:00,92,3301,0
20:14:10,106,3298,1
20:14:20,108,3301,1
20:14:30,99,3294,1
20:14:40,89,3284,1
20:14:50,92,3276,1
20:15:00,105,3280,1
20:15:10,102,3279,1
20:15:20,100,3274,0
20:15:30,97,3302,0
20:15:40,92,3292,0
20:15:50,92,3289,1
20:16:00,78,3301,1
20:16:10,75,3301,1
20:16:20,80,3311,1
20:16:30,102,3318,1
20:16:40,116,3317,1
20:16:50,129,3317,1
20:17:00,113,3319,1
20:17:10,103,3311,1
20:17:20,101,3311,1
20:17:30,105,3314,1
20:17:40,106,3309,0
20:17:50,105,3306,1
20:18:00,109,3301,1
20:18:10,105,3296,1
20:18:20,102,3298,1
20:18:30,105,3292,1
20:18:40,108,3293,1
20:18:50,114,3294,1
20:19:00,109,3294,1
20:19:10,105,3282,0
20:19:20,101,3272,1
20:19:30,100,3260,1
20:19:40,103,3259,0
20:19:50,97,3261,0
20:20:00,97,3254,1
20:20:10,96,3263,1
20:20:20,98,3264,1
20:20:30,103,3259,1
20:20:40,105,3265,1
20:20:50,104,3264,1
20:21:00,107,3257,0
20:21:10,103,3254,1
20:21:20,102,3253,0
20:21:30,96,3254,1
20:21:40,97,3245,1
20:21:50,96,3240,1
20:22:00,93,3230,1
20:22:10,87,3228,1
20:22:20,96,3215,1
20:22:30,99,3192,1
20:22:40,92,3186,1
20:22:50,103,3190,0
20:23:00,112,3188,1
20:23:10,100,3173,0
20:23:20,98,3165,1
20:23:30,101,3153,0
20:23:40,107,3152,1
20:23:50,107,3147,0
20:24:00,100,3145,0
20:24:10,96,3138,1
20:24:20,100,3129,1
20:24:30,93,3126,1
20:24:40,91,3122,1
20:24:50,91,3114,1
20:25:00,93,3097,1
20:25:10,95,3102,1
20:25:20,99,3099,1
20:25:30,109,3090,1
20:25:40,109,3102,1
20:25:50,88,3100,1
20:26:00,90,3073,1
20:26:10,92,3064,0
20:26:20,100,3079,0
20:26:30,101,3075,1
20:26:40,103,3082,1
20:26:50,96,3087,1
20:27:00,95,3081,1
20:27:10,107,3086,1
20:27:20,109,3091,1
20:27:30,106,3097,1
20:27:40,108,3103,1
20:27:50,107,3098,1
20:28:00,109,3106,0
20:28:10,107,3108,0
20:28:20,101,3105,1
20:28:30,87,3106,1
20:28:40,94,3104,1
20:28:50,104,3107,1
20:29:00,104,3105,0
20:29:10,102,3104,1
20:29:20,99,3104,0
20:29:30,98,3102,0
20:29:40,89,3097,1
20:29:50,104,3087,1
20:30:00,105,3086,1
20:30:10,104,3093,1
20:30:20,88,3092,0
20:30:30,102,3087,1
20:30:40,108,3087,0
20:30:50,104,3090,1
20:31:00,102,3081,0
20:31:10,90,3076,1
20:31:20,86,3072,1
20:31:30,88,3069,1
20:31:40,98,3062,0
20:31:50,99,3060,0
20:32:00,93,3061,1
20:32:10,94,3054,1
20:32:20,99,3056,1
20:32:30,95,3061,1
20:32:40,94,3068,1
20:32:50,92,3066,1
20:33:00,91,3068,1
20:33:10,92,3068,0
20:33:20,92,3050,0
20:33:30,92,3051,1
20:33:40,89,3059,1
20:33:50,89,3057,1
20:34:00,91,3064,0
20:34:10,94,3062,0
20:34:20,85,3066,0
20:34:30,83,3070,0
20:34:40,85,3070,0
20:34:50,82,3072,0
20:35:00,87,3076,0
20:35:10,90,3076,0
20:35:20,93,3074,0
20:35:30,90,3073,0
20:35:40,88,3070,0
20:35:50,85,3067,1
20:36:00,89,3064,0
20:36:10,91,3063,0
20:36:20,89,3059,1
20:36:30,87,3057,1
20:36:40,88,3051,0
20:36:50,93,3042,0
20:37:00,91,3022,0
20:37:10,88,3022,1
20:37:20,88,3026,1
20:37:30,93,2996,1
20:37:40,95,3013,0
20:37:50,97,3018,1
20:38:00,110,3021,1
20:38:10,112,3022,1
20:38:20,111,3019,0
20:38:30,111,3022,1
20:38:40,94,3019,0
20:38:50,73,3017,1
20:39:00,70,3016,1
20:39:10,70,3016,1
20:39:20,71,3010,1
20:39:30,68,3010,1
20:39:40,66,3008,1
20:39:50,71,3001,1
20:40:00,71,3003,1
20:40:10,72,2998,0
20:40:20,69,2991,1
20:40:30,71,2984,1
20:40:40,71,2982,1
20:40:50,71,2980,1
20:41:00,73,2939,1
20:41:10,92,2936,1
20:41:20,92,2924,1
20:41:30,90,2918,1
20:41:40,93,2921,1
20:41:50,109,2926,1
20:42:00,108,2920,1
20:42:10,107,2917,1
20:42:20,106,2925,1
20:42:30,103,2926,0
20:42:40,98,2921,1
20:42:50,96,2916,1
20:43:00,99,2910,1
20:43:10,98,2909,1
20:43:20,86,2903,1
20:43:30,75,2900,1
20:43:40,71,2890,1
20:43:50,80,2890,1
20:44:00,87,2899,1
20:44:10,93,2895,1
20:44:20,91,2895,1
20:44:30,83,2894,1
20:44:40,81,2898,0
20:44:50,83,2898,1
20:45:00,82,2896,1
20:45:10,79,2892,1
20:45:20,73,2892,1
20:45:30,71,2887,1
20:45:40,70,2884,1
20:45:50,68,2881,1
20:46:00,70,2876,1
20:46:10,79,2873,1
20:46:20,92,2868,0
20:46:30,93,2869,1
20:46:40,91,2851,1
20:46:50,117,2844,1
20:47:00,141,2843,1
20:47:10,147,2842,0
20:47:20,143,2837,1
20:47:30,141,2834,1
20:47:40,134,2829,1
20:47:50,141,2824,1
20:48:00,149,2821,1
20:48:10,103,2817,1
20:48:20,96,2816,1
20:48:30,115,2815,1
20:48:40,90,2818,1
20:48:50,75,2823,1
20:49:00,73,2820,1
20:49:10,73,2816,1
20:49:20,89,2819,0
20:49:30,88,2819,1
20:49:40,88,2814,1
20:49:50,80,2813,1
20:50:00,83,2812,1
20:50:10,83,2806,1
20:50:20,89,2808,1
20:50:30,90,2813,1
20:50:40,108,2808,1
20:50:50,92,2804,1
20:51:00,89,2806,1
20:51:10,87,2809,1
20:51:20,92,2810,1
20:51:30,88,2811,1
20:51:40,86,2814,1
20:51:50,86,2817,1
20:52:00,92,2821,1
20:52:10,84,2822,0
20:52:20,93,2815,1
20:52:30,143,2803,1
20:52:40,150,2795,1
20:52:50,152,2802,1
20:53:00,153,2791,1
20:53:10,148,2802,0
20:53:20,145,2809,1
20:53:30,144,2814,1
20:53:40,152,2812,1
20:53:50,151,2814,1
20:54:00,150,2816,1
20:54:10,153,2819,1
20:54:20,155,2819,1
20:54:30,154,2818,1
20:54:40,159,2817,1
20:54:50,166,2823,0
20:55:00,167,2826,1
20:55:10,163,2829,0
20:55:20,163,2832,1
20:55:30,162,2834,1
20:55:40,162,2839,1
20:55:50,165,2836,1
20:56:00,171,2846,1
20:56:10,172,2849,1
20:56:20,169,2851,1
20:56:30,173,2854,1
20:56:40,176,2856,0
20:56:50,171,2824,1
20:57:00,169,2834,1
20:57:10,163,2824,1
20:57:20,151,2825,1
20:57:30,143,2832,0
20:57:40,139,2835,0
20:57:50,137,2834,1
20:58:00,137,2832,0
20:58:10,132,2825,0
20:58:20,132,2834,0
20:58:30,134,2842,0
20:58:40,133,2849,0
20:58:50,132,2856,0
20:59:00,131,2854,1
20:59:10,136,2867,1
20:59:20,143,2874,1
20:59:30,150,2875,1
20:59:40,155,2886,1
20:59:50,158,2889,0
21:00:00,158,2893,1
21:00:10,157,2906,0
21:00:20,148,2911,1
21:00:30,144,2914,1
21:00:40,143,2921,1
21:00:50,145,2925,1
21:01:00,147,2911,1
21:01:10,154,2921,1
21:01:20,160,2922,1
21:01:30,165,2920,1
21:01:40,169,2925,1
21:01:50,169,2924,1
21:02:00,170,2933,1
21:02:10,170,2942,1
21:02:20,171,2931,1
21:02:30,171,2950,1
21:02:40,174,2948,1
21:02:50,174,2943,1
21:03:00,171,2948,1
21:03:10,174,2948,1
21:03:20,176,2955,0
21:03:30,177,2934,1
21:03:40,174,2914,1
21:03:50,156,2923,1
21:04:00,153,2922,1
21:04:10,151,2919,1
21:04:20,147,2927,0
21:04:30,144,2938,0
21:04:40,142,2943,1
21:04:50,143,2935,1
21:05:00,156,2937,1
21:05:10,165,2942,1
21:05:20,169,2944,1
21:05:30,174,2944,1
21:05:40,178,2953,1
21:05:50,179,2955,1
21:06:00,177,2948,1
21:06:10,179,2950,1
21:06:20,174,2948,1
21:06:30,178,2953,1
21:06:40,175,2944,1
21:06:50,179,2945,1
21:07:00,181,2951,1
21:07:10,184,2949,1
21:07:20,183,2975,0
21:07:30,177,2972,1
21:07:40,171,2971,1
21:07:50,169,2966,1
21:08:00,170,2966,1
21:08:10,176,2959,1
21:08:20,180,2957,1
21:08:30,172,2956,1
21:08:40,177,2951,0
21:08:50,173,2934,0
21:09:00,169,2844,1
21:09:10,165,2822,1
21:09:20,167,2815,1
21:09:30,169,2797,1
21:09:40,173,2820,1
21:09:50,171,2832,0
21:10:00,166,2850,0
21:10:10,146,2841,1
21:10:20,160,2850,1
21:10:30,160,2848,1
21:10:40,166,2843,1
21:10:50,167,2849,1
21:11:00,165,2860,1
21:11:10,166,2868,1
21:11:20,166,2888,1
21:11:30,163,2898,0
21:11:40,157,2905,0
21:11:50,154,2902,1
21:12:00,153,2903,1
21:12:10,159,2908,1
21:12:20,162,2912,1
21:12:30,164,2915,1
21:12:40,165,2921,1
21:12:50,168,2951,1
21:13:00,168,2943,0
21:13:10,167,2945,1
21:13:20,168,2922,0
21:13:30,165,2916,1
21:13:40,165,2921,0
21:13:50,165,2929,1
21:14:00,168,2942,1
21:14:10,169,2954,1
21:14:20,170,2954,1
21:14:30,171,2955,1
21:14:40,167,2961,1
21:14:50,168,2964,1
21:15:00,172,2976,1
21:15:10,178,2969,1
21:15:20,179,2973,1
21:15:30,175,2979,1
21:15:40,177,2977,0
21:15:50,175,2989,1
21:16:00,171,2972,1
21:16:10,166,2900,1
21:16:20,169,2901,1
21:16:30,172,2905,0
21:16:40,161,2899,1
21:16:50,157,2906,1
21:17:00,155,2909,0
21:17:10,149,2907,1
21:17:20,153,2923,1
21:17:30,160,2898,1
21:17:40,160,2868,1
21:17:50,141,2867,1
21:18:00,129,2881,0
21:18:10,134,2890,1
21:18:20,139,2845,1
21:18:30,148,2797,1
21:18:40,159,2853,1
21:18:50,151,2875,0
21:19:00,128,2877,1
21:19:10,152,2868,1
21:19:20,168,2875,1
21:19:30,165,2844,1
21:19:40,156,2879,1
21:19:50,171,2869,1
21:20:00,179,2876,0
21:20:10,175,2868,1
21:20:20,152,2866,0
21:20:30,119,2866,0
21:20:40,115,2879,1
21:20:50,142,2866,0
21:21:00,133,2860,1
21:21:10,140,2859,0
21:21:20,142,2814,1
21:21:30,159,2827,1
21:21:40,159,2836,1
21:21:50,158,2801,1
21:22:00,160,2825,1
21:22:10,165,2837,1
21:22:20,162,2728,1
21:22:30,159,2727,0
21:22:40,160,2681,1
21:22:50,160,2614,1
21:23:00,167,2602,1
21:23:10,164,2630,1
21:23:20,161,2572,1
21:23:30,140,2595,0
21:23:40,115,2627,0
21:23:50,112,2629,0
21:24:00,111,2657,1
21:24:10,112,2673,1
21:24:20,108,2668,1
21:24:30,109,2665,1
21:24:40,110,2693,1
21:24:50,120,2691,0
21:25:00,119,2763,0
21:25:10,112,2767,1
21:25:20,106,2839,1
21:25:30,103,2867,1
21:25:40,114,2913,1
21:25:50,121,2907,1
21:26:00,124,2915,1
21:26:10,133,2913,1
21:26:20,143,2944,1
21:26:30,151,2940,1
21:26:40,149,2913,1
21:26:50,149,2867,1
21:27:00,146,2900,0
21:27:10,120,2911,1
21:27:20,114,2912,1
21:27:30,130,2892,1
21:27:40,144,2857,1
21:27:50,145,2849,1
21:28:00,142,2880,1
21:28:10,134,2834,1
21:28:20,136,2862,1
21:28:30,122,2883,1
21:28:40,121,2913,1
21:28:50,129,2926,1
21:29:00,125,2914,1
21:29:10,118,2939,1
21:29:20,122,2926,1
21:29:30,123,2917,1
21:29:40,139,2906,1
21:29:50,144,2901,1
21:30:00,143,2878,1
21:30:10,144,2921,1
21:30:20,144,2933,1
21:30:30,128,2949,1
21:30:40,119,2917,1
21:30:50,116,2896,1
21:31:00,128,2943,1
21:31:10,139,2820,1
21:31:20,143,2810,1
21:31:30,127,2800,1
21:31:40,127,2842,1
21:31:50,128,2842,1
21:32:00,157,2844,1
21:32:10,158,2802,1
21:32:20,152,2852,1
21:32:30,138,2827,1
21:32:40,128,2847,1
21:32:50,133,2894,1
21:33:00,134,2915,1
21:33:10,140,2901,0
21:33:20,123,2963,0
21:33:30,126,2976,1
21:33:40,136,2986,1
21:33:50,135,2983,1
21:34:00,130,2991,1
21:34:10,120,2989,0
21:34:20,108,2986,0
21:34:30,112,2997,1
21:34:40,120,3007,1
21:34:50,120,3007,0
21:35:00,116,3026,0
21:35:10,121,3023,1
21:35:20,130,3028,0
21:35:30,133,3008,1
21:35:40,138,3007,1
21:35:50,131,3004,0
21:36:00,112,2995,0
21:36:10,109,2957,1
21:36:20,110,2970,1
21:36:30,110,2971,0
21:36:40,108,2924,1
21:36:50,104,2937,1
21:37:00,102,2963,0
21:37:10,102,2959,0
21:37:20,108,2952,0
21:37:30,110,2960,1
21:37:40,105,2965,1
21:37:50,106,2973,1
21:38:00,105,2982,1
21:38:10,119,2972,1
21:38:20,129,2976,0
21:38:30,109,2977,1
21:38:40,106,2928,1
21:38:50,106,2928,1
21:39:00,112,2971,0
21:39:10,115,2987,0
21:39:20,112,3008,1
21:39:30,114,3024,1
21:39:40,111,3037,0
21:39:50,114,3033,1
21:40:00,115,3040,1
21:40:10,112,3033,1
21:40:20,111,3037,1
21:40:30,108,3043,1
21:40:40,111,3026,1
21:40:50,142,3045,1
21:41:00,148,3049,1
21:41:10,154,2981,1
21:41:20,144,2986,1
21:41:30,131,2973,0
21:41:40,120,2961,0
21:41:50,109,2955,0
21:42:00,109,2956,0
21:42:10,112,2947,0
21:42:20,112,2945,0
21:42:30,110,2934,1
21:42:40,110,2929,0
21:42:50,107,2924,1
21:43:00,104,2915,1
21:43:10,103,2921,0
21:43:20,108,2972,1
21:43:30,112,3002,1
21:43:40,125,2993,1
21:43:50,127,2976,1
21:44:00,128,2967,0
21:44:10,129,3007,1
21:44:20,124,2992,0
21:44:30,120,2996,0
21:44:40,113,2998,0
21:44:50,105,2999,0
21:45:00,107,2975,1
21:45:10,105,2973,0
21:45:20,105,2971,0
21:45:30,108,2963,0
21:45:40,109,2954,0
21:45:50,111,2929,0
21:46:00,112,2904,0
21:46:10,100,2907,1
21:46:20,112,2907,0
21:46:30,111,2901,0
21:46:40,110,2889,1
21:46:50,123,2877,1
21:47:00,120,2872,1
21:47:10,121,2869,1
21:47:20,121,2879,1
21:47:30,116,2890,0
21:47:40,117,2893,0
21:47:50,118,2908,0
21:48:00,127,2933,1
21:48:10,137,2941,1
21:48:20,139,2962,1
21:48:30,133,2970,1
21:48:40,127,2950,0
21:48:50,113,2953,1
21:49:00,110,2926,1
21:49:10,108,2921,1
21:49:20,103,2897,1
21:49:30,101,2883,1
21:49:40,100,2865,1
21:49:50,104,2989,1
21:50:00,103,3021,1
21:50:10,101,3029,1
21:50:20,121,3007,1
21:50:30,123,2993,1
21:50:40,131,2984,1
21:50:50,123,2972,1
21:51:00,114,2988,1
21:51:10,109,3028,1
21:51:20,129,3035,1
21:51:30,159,3015,1
21:51:40,162,3006,1
21:51:50,157,3008,1
21:52:00,152,3023,1
21:52:10,161,3038,1
21:52:20,162,3027,1
21:52:30,157,3001,1
21:52:40,159,3111,1
21:52:50,155,3060,1
21:53:00,133,3285,1
21:53:10,132,3259,1
21:53:20,139,3398,1
21:53:30,146,3478,1
21:53:40,140,3447,1
21:53:50,150,3374,1
21:54:00,152,3521,1
21:54:10,144,3634,1
21:54:20,146,3596,1
21:54:30,156,3511,1
21:54:40,159,3646,1
21:54:50,152,3662,1
21:55:00,153,3627,1
21:55:10,152,3571,0
21:55:20,165,3563,1
21:55:30,150,3612,1
21:55:40,138,3510,1
21:55:50,145,3746,1
21:56:00,142,3750,1
21:56:10,135,3725,1
21:56:20,133,3803,0
21:56:30,129,3795,1
21:56:40,145,3753,1
21:56:50,152,3696,1
21:57:00,145,3674,1
21:57:10,158,3636,1
21:57:20,152,3622,1
21:57:30,157,3608,1
21:57:40,149,3585,1
21:57:50,144,3589,1
21:58:00,144,3581,1
21:58:10,142,3584,1
21:58:20,137,3642,1
21:58:30,135,3869,1
21:58:40,145,3812,1
21:58:50,159,3917,1
21:59:00,156,3873,1
21:59:10,155,3816,1
21:59:20,155,3836,1
21:59:30,155,4008,1
21:59:40,153,3917,1
21:59:50,150,3884,1
22:00:00,142,3974,1
22:00:10,142,4023,1
22:00:20,139,3934,1
22:00:30,133,3902,1
22:00:40,131,3850,1
22:00:50,147,3847,1
22:01:00,150,3810,1
22:01:10,137,3803,1
22:01:20,140,3782,1
22:01:30,142,3724,1
22:01:40,128,3729,1
22:01:50,124,3689,0
22:02:00,124,3673,1
22:02:10,152,3646,1
22:02:20,146,3558,1
22:02:30,140,3533,1
22:02:40,139,3518,1
22:02:50,138,3502,1
22:03:00,140,3447,1
22:03:10,144,3457,1
22:03:20,149,3442,1
22:03:30,127,3454,1
22:03:40,119,3416,1
22:03:50,118,3413,1
22:04:00,116,3401,1
22:04:10,117,3408,1
22:04:20,119,3382,1
22:04:30,117,3396,1
22:04:40,114,3396,1
22:04:50,114,3395,1
22:05:00,122,3386,1
22:05:10,119,3350,1
22:05:20,118,3298,0
22:05:30,118,3313,1
22:05:40,114,3308,1
22:05:50,112,3289,1
22:06:00,109,3254,1
22:06:10,106,3215,1
22:06:20,105,3199,1
22:06:30,105,3196,1
22:06:40,107,3179,1
22:06:50,107,3162,0
22:07:00,108,3134,0
22:07:10,108,3097,1
22:07:20,107,3115,1
22:07:30,110,3136,1
22:07:40,111,3140,1
22:07:50,111,3113,1
22:08:00,110,3137,1
22:08:10,115,3130,1
22:08:20,115,3133,1
22:08:30,115,3136,1
22:08:40,114,3112,1
22:08:50,121,3101,1
22:09:00,123,3091,0
22:09:10,124,3039,1
22:09:20,123,3031,1
22:09:30,129,3101,1
22:09:40,130,3086,1
22:09:50,127,3077,0
22:10:00,123,3084,1
22:10:10,125,3097,1
22:10:20,135,3099,0
22:10:30,111,3116,1
22:10:40,108,3139,1
22:10:50,111,3159,1
22:11:00,116,3156,1
22:11:10,122,3138,1
22:11:20,118,3121,1
22:11:30,116,3123,1
22:11:40,117,3128,0
22:11:50,127,3110,1
22:12:00,126,3091,1
22:12:10,121,3083,1
22:12:20,121,3081,1
22:12:30,124,3081,1
22:12:40,122,3086,1
22:12:50,115,3082,1
22:13:00,107,3077,1
22:13:10,110,3081,1
22:13:20,105,3074,1
22:13:30,110,3077,1
22:13:40,110,3094,1
22:13:50,104,3086,1
22:14:00,110,3104,1
22:14:10,112,3112,0
22:14:20,113,3124,0
22:14:30,112,3114,1
22:14:40,109,3118,1
22:14:50,114,3119,1
22:15:00,119,3125,1
22:15:10,115,3130,1
22:15:20,108,3123,1
22:15:30,106,3107,1
22:15:40,108,3113,1
22:15:50,106,3110,0
22:16:00,103,3113,1
22:16:10,102,3125,0
22:16:20,105,3148,0
22:16:30,103,3170,0
22:16:40,102,3182,0
22:16:50,100,3198,1
22:17:00,101,3207,1
22:17:10,100,3218,0
22:17:20,100,3226,1
22:17:30,106,3234,1
22:17:40,114,3239,1
22:17:50,102,3246,1
22:18:00,92,3248,0
22:18:10,98,3251,1
22:18:20,98,3258,1
22:18:30,100,3256,1
22:18:40,105,3257,1
22:18:50,121,3253,1
22:19:00,136,3254,1
22:19:10,120,3256,1
22:19:20,111,3254,1
22:19:30,109,3238,1
22:19:40,98,3231,0
22:19:50,94,3230,0
22:20:00,96,3230,0
22:20:10,96,3223,1
22:20:20,99,3222,1
22:20:30,100,3224,1
22:20:40,100,3230,0
22:20:50,102,3225,1
22:21:00,104,3216,1
22:21:10,103,3219,0
22:21:20,102,3200,1
22:21:30,105,3185,0
22:21:40,103,3169,0
22:21:50,107,3162,0
22:22:00,103,3171,1
22:22:10,102,3176,0
22:22:20,106,3171,0
22:22:30,106,3181,1
22:22:40,107,3169,1
22:22:50,123,3158,1
22:23:00,117,3155,1
22:23:10,106,3175,0
22:23:20,104,3193,0
22:23:30,102,3204,0
22:23:40,110,3211,0
22:23:50,109,3214,0
22:24:00,107,3217,0
22:24:10,104,3221,0
22:24:20,106,3225,0
22:24:30,109,3226,0
22:24:40,104,3229,0
22:24:50,106,3231,0
22:25:00,105,3235,0
22:25:10,105,3234,0
22:25:20,105,3239,0
22:25:30,106,3241,0
22:25:40,105,3240,0
22:25:50,105,3244,0
22:26:00,104,3247,0
22:26:10,104,3246,0
22:26:20,105,3236,0
22:26:30,105,3238,0
22:26:40,98,3235,0
22:26:50,99,3238,0
22:27:00,101,3246,0
22:27:10,101,3245,1
22:27:20,104,3250,1
22:27:30,108,3261,0
22:27:40,106,3267,0
22:27:50,106,3270,0
22:28:00,102,3269,1
22:28:10,101,3261,0
22:28:20,100,3256,1
22:28:30,99,3212,1
22:28:40,123,3240,1
22:28:50,127,3245,1
22:29:00,130,3254,0
22:29:10,123,3258,0
22:29:20,103,3263,0
22:29:30,98,3265,0
22:29:40,107,3270,0
22:29:50,97,3268,0
22:30:00,93,3265,0
22:30:10,96,3264,1
22:30:20,99,3285,0
22:30:30,99,3304,1
22:30:40,120,3306,0
22:30:50,115,3305,0
22:31:00,115,3272,0
22:31:10,101,3275,0
22:31:20,96,3274,1
22:31:30,95,3273,0
22:31:40,87,3265,1
22:31:50,89,3252,1
22:32:00,106,3228,0
22:32:10,108,3182,1
22:32:20,109,3213,0
22:32:30,106,3223,0
22:32:40,105,3228,0
22:32:50,106,3206,1
22:33:00,111,3222,1
22:33:10,115,3219,0
22:33:20,106,3208,0
22:33:30,102,3128,1
22:33:40,125,3195,0
22:33:50,132,3208,1
22:34:00,105,3215,1
22:34:10,127,3220,1
22:34:20,126,3208,1
22:34:30,115,3230,0
22:34:40,110,3247,0
22:34:50,104,3252,1
22:35:00,100,3234,0
22:35:10,96,3250,1
22:35:20,95,3259,1
22:35:30,124,3261,1
22:35:40,125,3262,1
22:35:50,131,3264,1
22:36:00,130,3269,1
22:36:10,121,3267,0
22:36:20,104,3264,0
22:36:30,96,3267,0
22:36:40,99,3250,1
22:36:50,97,3243,1
22:37:00,115,3243,1
22:37:10,128,3240,0
22:37:20,128,3241,1
22:37:30,127,3228,1
22:37:40,117,3214,1
22:37:50,111,3219,1
22:38:00,95,3220,0
22:38:10,119,3220,0
22:38:20,117,3219,0
22:38:30,93,3222,1
22:38:40,94,3217,1
22:38:50,91,3217,1
22:39:00,91,3217,1
22:39:10,103,3211,1
22:39:20,107,3221,1
22:39:30,103,3223,1
22:39:40,100,3208,0
22:39:50,95,3209,0
22:40:00,95,3210,0
22:40:10,101,3217,1
22:40:20,101,3214,1
22:40:30,100,3211,1
22:40:40,99,3210,1
22:40:50,92,3208,1
22:41:00,107,3207,1
22:41:10,131,3190,0
22:41:20,106,3187,0
22:41:30,101,3184,1
22:41:40,102,3178,1
22:41:50,104,3182,1
22:42:00,103,3185,1
22:42:10,102,3179,1
22:42:20,104,3182,1
22:42:30,101,3179,1
22:42:40,102,3181,1
22:42:50,107,3176,1
22:43:00,103,3170,1
22:43:10,107,3177,1
22:43:20,133,3174,0
22:43:30,136,3187,0
22:43:40,128,3188,0
22:43:50,122,3175,1
22:44:00,118,3186,1
22:44:10,120,3182,1
22:44:20,106,3174,1
22:44:30,102,3169,1
22:44:40,117,3175,1
22:44:50,123,3175,1
22:45:00,127,3182,1
22:45:10,128,3179,1
22:45:20,136,3185,1
22:45:30,140,3185,1
22:45:40,148,3203,1
22:45:50,139,3190,1
22:46:00,111,3185,1
22:46:10,105,3185,0
22:46:20,102,3180,1
22:46:30,106,3178,1
22:46:40,114,3180,1
22:46:50,110,3171,1
22:47:00,112,3166,1
22:47:10,105,3165,1
22:47:20,106,3180,1
22:47:30,104,3175,1
22:47:40,113,3171,1
22:47:50,116,3160,1
22:48:00,120,3154,1
22:48:10,122,3152,1
22:48:20,125,3151,1
22:48:30,132,3166,1
22:48:40,147,3154,1
22:48:50,148,3183,1
22:49:00,123,3172,1
22:49:10,132,3191,1
22:49:20,122,3175,1
22:49:30,114,3194,1
22:49:40,119,3197,1
22:49:50,132,3223,1
22:50:00,127,3234,1
22:50:10,122,3230,1
22:50:20,115,3232,1
22:50:30,118,3219,1
22:50:40,105,3213,1
22:50:50,108,3218,1
22:51:00,113,3208,1
22:51:10,121,3216,1
22:51:20,125,3204,1
22:51:30,124,3206,1
22:51:40,125,3220,1
22:51:50,123,3209,1
22:52:00,122,3211,1
22:52:10,119,3208,1
22:52:20,121,3206,1
22:52:30,118,3200,1
22:52:40,114,3196,1
22:52:50,110,3196,1
22:53:00,104,3193,1
22:53:10,102,3189,1
22:53:20,102,3194,1
22:53:30,107,3188,1
22:53:40,110,3195,1
22:53:50,111,3212,1
22:54:00,129,3220,1
22:54:10,137,3223,1
22:54:20,134,3221,1
22:54:30,121,3234,1
22:54:40,116,3238,1
22:54:50,112,3231,1
22:55:00,115,3233,1
22:55:10,112,3246,1
22:55:20,112,3251,0
22:55:30,107,3246,1
22:55:40,117,3248,1
22:55:50,120,3242,0
22:56:00,117,3247,1
22:56:10,114,3226,1
22:56:20,110,3217,1
22:56:30,104,3232,1
22:56:40,103,3241,1
22:56:50,100,3239,1
22:57:00,108,3245,1
22:57:10,114,3251,1
22:57:20,113,3243,1
22:57:30,117,3237,1
22:57:40,113,3258,1
22:57:50,106,3256,1
22:58:00,109,3259,1
22:58:10,108,3260,1
22:58:20,107,3273,1
22:58:30,110,3268,1
22:58:40,126,3263,1
22:58:50,119,3262,1
22:59:00,113,3260,1
22:59:10,108,3250,0
22:59:20,104,3264,1
22:59:30,110,3268,1
22:59:40,111,3275,1
22:59:50,112,3292,1
23:00:00,107,3303,1
23:00:10,110,3300,1
23:00:20,102,3299,0
23:00:30,102,3320,1
23:00:40,108,3315,1
23:00:50,114,3302,0
23:01:00,112,3290,0
23:01:10,105,3297,1
23:01:20,95,3306,0
23:01:30,92,3312,0
23:01:40,93,3315,0
23:01:50,94,3318,0
23:02:00,94,3315,1
23:02:10,96,3325,1
23:02:20,100,3315,0
23:02:30,103,3313,1
23:02:40,101,3310,1
23:02:50,100,3318,1
23:03:00,98,3309,0
23:03:10,98,3303,1
23:03:20,97,3306,0
23:03:30,99,3311,1
23:03:40,95,3322,0
23:03:50,95,3328,0
23:04:00,94,3317,0
23:04:10,96,3330,0
23:04:30,93,3345,1
23:04:40,93,3335,0
23:04:50,93,3335,0
23:05:00,96,3329,0
23:05:10,95,3329,0
23:05:20,96,3331,1
23:05:30,93,3332,0
23:05:40,92,3332,0
23:05:50,92,3337,1
23:06:00,94,3339,0
23:06:10,95,3336,0
23:06:20,95,3344,0
23:06:30,99,3342,0
23:06:40,95,3366,0
23:06:50,93,3356,0
23:07:00,99,3341,0
23:07:10,95,3331,0
23:07:20,95,3319,0
23:07:30,95,3312,1
23:07:40,96,3318,0
23:07:50,99,3340,0
23:08:00,94,3374,0
23:08:10,93,3377,0
23:08:20,106,3368,0
23:08:30,119,3354,0
23:08:40,124,3348,0
23:08:50,102,3358,0
23:09:00,97,3365,0
23:09:10,97,3372,0
23:09:20,96,3374,0
23:09:30,97,3374,0
23:09:40,98,3380,0
23:09:50,97,3382,0
23:10:00,95,3383,0
23:10:10,93,3384,0
23:10:20,100,3390,1
23:10:30,104,3373,0
23:10:40,95,3364,0
23:10:50,89,3361,0
23:11:00,88,3361,0
23:11:10,96,3356,0
23:11:20,95,3354,0
23:11:30,97,3351,0
23:11:40,95,3346,0
23:11:50,93,3345,0
23:12:00,99,3345,0
23:12:10,97,3392,0
23:12:20,97,3408,0
23:12:30,95,3412,0
23:12:40,95,3404,0
23:12:50,94,3415,0
23:13:00,97,3419,0
23:13:10,97,3421,0
23:13:20,94,3427,0
23:13:30,95,3430,0
23:13:40,93,3435,0
23:13:50,92,3432,1
23:14:00,94,3439,0
23:14:10,90,3445,0
23:14:20,86,3447,0
23:14:30,86,3451,0
23:14:40,88,3447,0
23:14:50,94,3445,0
23:15:00,95,3440,0
23:15:10,98,3439,0
23:15:20,101,3434,0
23:15:30,97,3426,1
23:15:40,98,3420,1
23:15:50,98,3421,0
23:16:00,93,3418,0
23:16:10,93,3408,0
23:16:20,92,3401,0
23:16:30,94,3394,0
23:16:40,91,3388,0
23:16:50,92,3386,0
23:17:00,92,3382,0
23:17:10,93,3380,0
23:17:20,93,3377,0
23:17:30,94,3377,0
23:17:40,92,3376,1
23:17:50,96,3389,0
23:18:00,96,3395,1
23:18:10,96,3398,0
23:18:20,94,3397,0
23:18:30,99,3413,1
23:18:40,107,3420,1
23:18:50,123,3418,1
23:19:00,109,3425,1
23:19:10,100,3425,0
23:19:20,93,3419,0
23:19:30,91,3414,0
23:19:40,96,3413,0
23:19:50,94,3413,0
23:20:00,92,3413,0
23:20:10,94,3413,0
23:20:20,96,3408,1
23:20:30,92,3405,1
23:20:40,92,3400,0
23:20:50,93,3402,0
23:21:00,93,3399,0
23:21:10,97,3397,0
23:21:20,97,3393,0
23:21:30,95,3392,0
23:21:40,93,3390,0
23:21:50,94,3388,0
23:22:00,93,3390,0
23:22:10,92,3386,0
23:22:20,92,3386,0
23:22:30,90,3386,0
23:22:40,92,3386,0
23:22:50,94,3385,1
23:23:00,95,3390,1
23:23:10,99,3395,0
23:23:20,93,3388,0
23:23:30,93,3402,0
23:23:40,92,3412,0
23:23:50,92,3408,0
23:24:00,92,3396,0
23:24:10,87,3386,0
23:24:20,87,3388,0
23:24:30,88,3387,0
23:24:40,89,3390,0
23:24:50,87,3390,0
23:25:00,86,3422,0
23:25:10,90,3409,0
23:25:20,94,3429,0
23:25:30,94,3424,1
23:25:40,93,3419,0
23:25:50,96,3438,0
23:26:00,98,3444,0
23:26:10,105,3448,0
23:26:20,100,3450,0
23:26:30,98,3451,1
23:26:40,104,3432,0
23:26:50,98,3424,0
23:27:00,98,3415,1
23:27:10,100,3411,1
23:27:20,101,3424,1
23:27:30,98,3429,0
23:27:40,94,3433,0
23:27:50,92,3429,0
23:28:00,90,3425,1
23:28:10,87,3438,0
23:28:20,91,3445,1
23:28:30,93,3435,1
23:28:40,99,3438,1
23:28:50,103,3436,1
23:29:00,97,3439,0
23:29:10,89,3436,1
23:29:20,87,3348,0
23:29:30,85,3426,1
23:29:40,87,3434,1
23:29:50,88,3428,1
23:30:00,90,3428,0
23:30:10,92,3430,0
23:30:20,91,3427,1
23:30:30,90,3428,0
23:30:40,90,3419,0
23:30:50,90,3413,0
23:31:00,89,3410,0
23:31:10,89,3416,1
23:31:20,96,3427,0
23:31:30,94,3428,0
23:31:40,94,3421,0
23:31:50,90,3413,0
23:32:00,85,3411,0
23:32:10,86,3402,1
23:32:20,85,3396,0
23:32:30,88,3391,0
23:32:40,89,3400,0
23:32:50,83,3401,1
23:33:00,81,3393,1
23:33:10,82,3394,0
23:33:20,89,3396,0
23:33:30,88,3392,0
23:33:40,87,3394,0
23:33:50,83,3401,0
23:34:00,86,3400,0
23:34:10,86,3398,1
23:34:20,88,3389,1
23:34:30,88,3382,0
23:34:40,88,3369,0
23:34:50,91,3396,1
23:35:00,95,3410,1
23:35:10,94,3398,0
23:35:20,86,3405,1
23:35:30,85,3405,0
23:35:40,84,3407,1
23:35:50,84,3409,1
23:36:00,89,3407,0
23:36:10,89,3407,0
23:36:20,90,3404,0
23:36:30,94,3406,0
23:36:40,89,3405,0
23:36:50,95,3413,0
23:37:00,87,3407,0
23:37:10,83,3419,0
23:37:20,80,3430,0
23:37:30,75,3427,0
23:37:40,86,3427,0
23:37:50,84,3425,0
23:38:00,87,3422,0
23:38:10,90,3416,1
23:38:20,93,3409,0
23:38:30,87,3414,0
23:38:40,87,3415,0
23:38:50,87,3410,0
23:39:00,91,3403,0
23:39:10,91,3406,0
23:39:20,92,3413,0
23:39:30,95,3415,0
23:39:40,95,3403,0
23:39:50,92,3398,1
23:40:00,85,3392,0
23:40:10,87,3395,0
23:40:20,87,3398,0
23:40:30,93,3428,0
23:40:40,91,3440,0
23:40:50,87,3440,0
23:41:00,84,3445,0
23:41:10,76,3442,1
23:41:20,81,3441,1
23:41:30,86,3444,0
23:41:40,92,3441,1
23:41:50,98,3446,0
23:42:00,98,3444,0
23:42:10,92,3432,1
23:42:20,90,3432,1
23:42:30,91,3424,1
23:42:40,90,3424,1
23:42:50,91,3423,0
23:43:00,91,3421,1
23:43:10,94,3416,1
23:43:20,95,3438,0
23:43:30,82,3439,0
23:43:40,83,3440,0
23:43:50,88,3438,1
23:44:00,88,3439,0
23:44:10,85,3444,0
23:44:20,85,3444,1
23:44:30,89,3451,0
23:44:40,92,3451,0
23:44:50,94,3449,0
23:45:00,92,3450,0
23:45:10,86,3462,1
23:45:20,92,3464,1
23:45:30,92,3465,1
23:45:40,86,3455,1
23:45:50,81,3451,1
23:46:00,81,3451,1
23:46:10,101,3441,1
23:46:20,111,3432,1
23:46:30,109,3434,1
23:46:40,109,3417,1
23:46:50,109,3414,1
23:47:00,112,3408,1
23:47:10,107,3396,1
23:47:20,101,3395,1
23:47:30,99,3387,1
23:47:40,106,3381,1
23:47:50,122,3372,0
23:48:00,116,3357,1
23:48:10,108,3360,1
23:48:20,101,3347,1
23:48:30,104,3340,1
23:48:40,101,3335,1
23:48:50,99,3334,1
23:49:00,100,3335,1
23:49:10,100,3325,1
23:49:20,102,3322,1
23:49:30,102,3312,1
23:49:40,102,3311,1
23:49:50,108,3313,1
23:50:00,106,3308,1
23:50:10,104,3307,1
23:50:20,104,3301,1
23:50:30,107,3297,1
23:50:40,107,3302,1
23:50:50,110,3297,0
23:51:00,105,3292,1
23:51:10,102,3294,1
23:51:20,103,3291,1
23:51:30,111,3294,1
23:51:40,99,3295,1
23:51:50,101,3290,1
23:52:00,100,3290,1
23:52:10,98,3285,1
23:52:20,101,3284,1
23:52:30,101,3290,1
23:52:40,103,3285,1
23:52:50,100,3293,1
23:53:00,97,3296,1
23:53:10,107,3298,1
23:53:20,106,3303,1
23:53:30,107,3303,0
23:53:40,104,3300,1
23:53:50,105,3298,1
23:54:00,107,3295,1
23:54:10,107,3299,1
23:54:20,107,3296,1
23:54:30,109,3311,1
23:54:40,100,3311,1
23:54:50,99,3311,1
23:55:00,106,3314,1
23:55:10,100,3312,0
23:55:20,93,3322,0
23:55:30,87,3313,1
23:55:40,88,3315,1
23:55:50,90,3310,0
23:56:00,95,3302,0
23:56:10,93,3301,0
23:56:20,92,3298,1
23:56:30,96,3291,1
23:56:40,95,3292,0
23:56:50,91,3293,0
23:57:00,90,3293,0
23:57:10,92,3297,0
23:57:20,92,3276,0
23:57:30,92,3272,0
23:57:40,92,3267,0
23:57:50,94,3260,0
23:58:00,93,3268,0
23:58:10,89,3260,0
23:58:20,90,3256,0
23:58:30,94,3261,0
23:58:40,94,3259,0
23:58:50,93,3269,1
23:59:00,99,3277,1
23:59:10,104,3280,1
23:59:20,105,3268,0
23:59:30,102,3260,1
23:59:40,106,3272,1
23:59:50,108,3268,1

